"feature"	"metadata"	"value"	"name"	"coef"	"null_hypothesis"	"stderr"	"pval_individual"	"qval_individual"	"pval_joint"	"qval_joint"	"error"	"model"	"N"	"N_not_zero"
"UniRef90_A0A0E1X896"	"sick"	"CC"	"sickCC"	0.649039035320177	-1.57857971460668	0.300613741059019	3.56059520167928e-06	0.000391518514473166	7.12117772552037e-06	0.000439907475631084	NA	"abundance"	37	33
"UniRef90_A0A0E1X896|g__Blautia.s__Blautia_obeum"	"sick"	"CC"	"sickCC"	0.730413178404459	-1.57857971460668	0.30350089625183	2.51024880038031e-06	0.000391518514473166	5.02049129941158e-06	0.000439907475631084	NA	"abundance"	37	32
"UniRef90_A5ZYV3"	"sick"	"CC"	"sickCC"	1.75357792901691	-1.57857971460668	0.537930695575184	4.05980747208989e-06	0.000391518514473166	8.11959846214308e-06	0.000439907475631084	NA	"abundance"	37	32
"UniRef90_A5ZYV3|g__Blautia.s__Blautia_obeum"	"sick"	"CC"	"sickCC"	1.75357792901691	-1.57857971460668	0.537930695575184	4.39908443228276e-06	0.000391518514473166	8.79814951262168e-06	0.000439907475631084	NA	"abundance"	37	32
"UniRef90_A0A174WHN0"	"sick"	"CC"	"sickCC"	1.72276671253771	-1.57857971460668	0.574804661705685	1.70045387526407e-05	0.00121072315918802	3.40087883509433e-05	0.00136035153403773	NA	"abundance"	37	28
"UniRef90_A0A174IWH6"	"sick"	"CC"	"sickCC"	1.82794774231724	-1.57857971460668	0.661892519421023	4.82388788576316e-05	0.00260205373731916	9.64754307258298e-05	0.00292358109169562	NA	"abundance"	37	29
"UniRef90_A0A174IWH6|g__Prevotella.s__Prevotella_copri"	"sick"	"CC"	"sickCC"	1.82794774231724	-1.57857971460668	0.661892519421023	5.11639779809947e-05	0.00260205373731916	0.000102325338209347	0.00292358109169562	NA	"abundance"	37	29
"UniRef90_R6Q8L0|g__Faecalibacterium.s__Faecalibacterium_prausnitzii"	"sick"	"CC"	"sickCC"	1.94083619954712	-1.57857971460668	0.756655967595659	0.000101923537712434	0.00453559742820331	0.000203836687017328	0.0050959171754332	NA	"abundance"	37	36
"UniRef90_A0A174VAI6"	"sick"	"CC"	"sickCC"	2.56010249222434	-1.57857971460668	0.918099688636761	0.000184604677241351	0.00505532808445546	0.000369175275595843	0.00567961962455144	NA	"abundance"	37	29
"UniRef90_A0A174VAI6|g__Prevotella.s__Prevotella_copri"	"sick"	"CC"	"sickCC"	2.56010249222434	-1.57857971460668	0.918099688636761	0.000174833267604035	0.00505532808445546	0.00034963596853661	0.00567961962455144	NA	"abundance"	37	29
"UniRef90_A0A174Y3E0"	"sick"	"CC"	"sickCC"	2.58493144105851	-1.57857971460668	0.923445727072316	0.000178724073513159	0.00505532808445546	0.000357416204731865	0.00567961962455144	NA	"abundance"	37	29
"UniRef90_A0A174Y3E0|g__Prevotella.s__Prevotella_copri"	"sick"	"CC"	"sickCC"	2.58493144105851	-1.57857971460668	0.923445727072316	0.00017808402470898	0.00505532808445546	0.000356136335498103	0.00567961962455144	NA	"abundance"	37	29
"UniRef90_R6Q8L0"	"sick"	"CC"	"sickCC"	1.90080359054274	-1.57857971460668	0.762829055820544	0.000131529404584829	0.00505532808445546	0.000263041509185388	0.00567961962455144	NA	"abundance"	37	36
"UniRef90_A0A174IYG9"	"sick"	"CC"	"sickCC"	2.05297648770423	-1.57857971460668	0.809870211192024	0.000213187024854289	0.00505963872320846	0.000426328601001011	0.00568438134668015	NA	"abundance"	37	29
"UniRef90_A0A174IYG9|g__Prevotella.s__Prevotella_copri"	"sick"	"CC"	"sickCC"	2.05297648770423	-1.57857971460668	0.809870211192024	0.00020340004558439	0.00505963872320846	0.000406758719590236	0.00568438134668015	NA	"abundance"	37	29
"UniRef90_A0A174WHN0|g__Prevotella.s__Prevotella_copri"	"sick"	"CC"	"sickCC"	1.0075949511775	-1.57857971460668	0.573795366208987	0.000364701617275198	0.00811461098437316	0.000729270227280753	0.00911587784100941	NA	"abundance"	37	27
"UniRef90_D1PAK7"	"sick"	"CC"	"sickCC"	3.33483764127392	-1.57857971460668	1.19417176430351	0.00054607259054329	0.0110918889449743	0.00109184698581244	0.0124593018381756	NA	"abundance"	37	24
"UniRef90_D1PAK7|g__Prevotella.s__Prevotella_copri"	"sick"	"CC"	"sickCC"	3.33483764127392	-1.57857971460668	1.19417176430351	0.000560825845532409	0.0110918889449743	0.0011213371654358	0.0124593018381756	NA	"abundance"	37	24
"UniRef90_A0A174JTA1|g__Prevotella.s__Prevotella_copri"	"sick"	"CC"	"sickCC"	1.27718227326074	-1.57857971460668	0.703805549633926	0.000768124692283934	0.0143922310764779	0.00153565936902497	0.0161648354634208	NA	"abundance"	37	27
"UniRef90_A0A174JTA1"	"sick"	"CC"	"sickCC"	1.27718227326074	-1.57857971460668	0.703805549633926	0.000818943883397427	0.0145772011244742	0.0016372170977107	0.016372170977107	NA	"abundance"	37	27
"UniRef90_A0A174PA28"	"sick"	"CC"	"sickCC"	1.80874877021459	-1.57857971460668	0.878304220569426	0.000977105070173012	0.0158113365900724	0.00195325540602787	0.0177568673275261	NA	"abundance"	37	29
"UniRef90_A0A174PA28|g__Prevotella.s__Prevotella_copri"	"sick"	"CC"	"sickCC"	1.80874877021459	-1.57857971460668	0.878304220569426	0.000958433332876929	0.0158113365900724	0.00191594807130029	0.0177568673275261	NA	"abundance"	37	29
"UniRef90_A0A174RM08"	"sick"	"CC"	"sickCC"	1.2984453218153	-1.57857971460668	0.754028276869426	0.00132611633520974	0.0196707256389444	0.00265047408588496	0.0220872840490414	NA	"abundance"	37	27
"UniRef90_A0A174RM08|g__Prevotella.s__Prevotella_copri"	"sick"	"CC"	"sickCC"	1.2984453218153	-1.57857971460668	0.754028276869426	0.00130197581991631	0.0196707256389444	0.00260225649879698	0.0220872840490414	NA	"abundance"	37	27
"UniRef90_A0A0H2VC20"	"sick"	"CC"	"sickCC"	-3.07960018689593	0	0.970600772902924	0.00150934677448518	0.0206664404506433	0.00301641542128472	0.023203195548344	NA	"prevalence"	37	29
"UniRef90_A0A0H2VC20|g__Escherichia.s__Escherichia_coli"	"sick"	"CC"	"sickCC"	-3.07960018689593	0	0.970600772902924	0.00150934677448518	0.0206664404506433	0.00301641542128472	0.023203195548344	NA	"prevalence"	37	29
"UniRef90_A0A174LQ87"	"sick"	"CC"	"sickCC"	1.54925855259223	-1.57857971460668	0.870396131901414	0.00211624018662715	0.0269064823728309	0.0042280019007268	0.03020001357662	NA	"abundance"	37	26
"UniRef90_A0A174LQ87|g__Prevotella.s__Prevotella_copri"	"sick"	"CC"	"sickCC"	1.54925855259223	-1.57857971460668	0.870396131901414	0.00209175398028838	0.0269064823728309	0.00417913252586271	0.03020001357662	NA	"abundance"	37	26
"UniRef90_V0SIR0"	"sick"	"CC"	"sickCC"	-3.20607028420619	0	1.09533566196944	0.00342225973459997	0.040610815517253	0.00683280760750888	0.0455520507167259	NA	"prevalence"	37	31
"UniRef90_V0SIR0|g__Escherichia.s__Escherichia_coli"	"sick"	"CC"	"sickCC"	-3.20607028420619	0	1.09533566196944	0.00342225973459997	0.040610815517253	0.00683280760750888	0.0455520507167259	NA	"prevalence"	37	31
"UniRef90_A0A1B2H845"	"sick"	"CC"	"sickCC"	-3.04358049905274	0	1.09406632674146	0.00540420869839092	0.060121821769599	0.0107792119251261	0.067370074532038	NA	"prevalence"	37	22
"UniRef90_A0A1B2H845|g__Escherichia.s__Escherichia_coli"	"sick"	"CC"	"sickCC"	-3.04358049905274	0	1.09406632674146	0.00540420869839092	0.060121821769599	0.0107792119251261	0.067370074532038	NA	"prevalence"	37	22
"UniRef90_D7K7P3"	"sick"	"CC"	"sickCC"	-2.46613609255149	0	0.901787109163857	0.00624331802709095	0.0653712122836582	0.0124476570341945	0.07322151196585	NA	"prevalence"	37	24
"UniRef90_D7K7P3|g__Bacteroides.s__Bacteroides_ovatus"	"sick"	"CC"	"sickCC"	-2.46613609255149	0	0.901787109163857	0.00624331802709095	0.0653712122836582	0.0124476570341945	0.07322151196585	NA	"prevalence"	37	24
"UniRef90_A7AJP8"	"sick"	"CC"	"sickCC"	0.22950755511329	-1.57857971460668	0.446951279545635	0.00782686772911867	0.0779621023326862	0.0155924755997882	0.0872525653996777	NA	"abundance"	37	10
"UniRef90_A7AJP8|g__Parabacteroides.s__Parabacteroides_merdae"	"sick"	"CC"	"sickCC"	0.22950755511329	-1.57857971460668	0.446951279545635	0.00788380810105815	0.0779621023326862	0.015705461771942	0.0872525653996777	NA	"abundance"	37	10
"UniRef90_A7LQG9"	"sick"	"CC"	"sickCC"	-2.27478091577355	0	0.891101362741617	0.010686863383416	0.100119035907792	0.0212595177178561	0.111892198515032	NA	"prevalence"	37	23
"UniRef90_A7LQG9|g__Bacteroides.s__Bacteroides_ovatus"	"sick"	"CC"	"sickCC"	-2.27478091577355	0	0.891101362741617	0.010686863383416	0.100119035907792	0.0212595177178561	0.111892198515032	NA	"prevalence"	37	23
"UniRef90_U9YLK3"	"sick"	"CC"	"sickCC"	-2.77162142725616	0	1.09533566196945	0.0113937280597837	0.101404179732075	0.022657639080467	0.113288195402335	NA	"prevalence"	37	32
"UniRef90_U9YLK3|g__Escherichia.s__Escherichia_coli"	"sick"	"CC"	"sickCC"	-2.77162142725616	0	1.09533566196945	0.0113937280597837	0.101404179732075	0.022657639080467	0.113288195402335	NA	"prevalence"	37	32
"UniRef90_J7TUV6"	"sick"	"CC"	"sickCC"	-0.341956504693037	-1.57857971460668	0.385267327486194	0.0124757626530858	0.105746940583299	0.0247958806523955	0.118075622154264	NA	"abundance"	37	26
"UniRef90_J7TUV6|g__Streptococcus.s__Streptococcus_salivarius"	"sick"	"CC"	"sickCC"	-0.341956504693037	-1.57857971460668	0.385267327486194	0.0124516007837359	0.105746940583299	0.0247481592053942	0.118075622154264	NA	"abundance"	37	26
"UniRef90_A7V7B8"	"sick"	"CC"	"sickCC"	1.83393596649262	-1.57857971460668	1.28446632809683	0.0177297993992718	0.135608030312518	0.0351452530118051	0.150830501317061	NA	"abundance"	37	20
"UniRef90_A7V7B8|g__Bacteroides.s__Bacteroides_uniformis"	"sick"	"CC"	"sickCC"	1.83393596649262	-1.57857971460668	1.28446632809683	0.0176303725827	0.135608030312518	0.0349499151279951	0.150830501317061	NA	"abundance"	37	20
"UniRef90_A0T3C6"	"sick"	"CC"	"sickCC"	-1.92865576432033	0	0.827748220137753	0.0198059971473686	0.135608030312518	0.0392197167717357	0.150830501317061	NA	"prevalence"	37	25
"UniRef90_A7LQH0"	"sick"	"CC"	"sickCC"	-1.92865576432034	0	0.827748220137754	0.0198059971473682	0.135608030312518	0.0392197167717348	0.150830501317061	NA	"prevalence"	37	25
"UniRef90_A7LQH0|g__Bacteroides.s__Bacteroides_ovatus"	"sick"	"CC"	"sickCC"	-1.92865576432034	0	0.827748220137754	0.0198059971473682	0.135608030312518	0.0392197167717348	0.150830501317061	NA	"prevalence"	37	25
"UniRef90_A7LS50"	"sick"	"CC"	"sickCC"	-1.92865576432034	0	0.827748220137754	0.0198059971473682	0.135608030312518	0.0392197167717348	0.150830501317061	NA	"prevalence"	37	25
"UniRef90_A7LS50|g__Bacteroides.s__Bacteroides_ovatus"	"sick"	"CC"	"sickCC"	-1.92865576432034	0	0.827748220137754	0.0198059971473682	0.135608030312518	0.0392197167717348	0.150830501317061	NA	"prevalence"	37	25
"UniRef90_F4NKV9"	"sick"	"CC"	"sickCC"	-4.10026368506012	0	1.76520956074079	0.0201888359734929	0.135608030312518	0.0399700828490212	0.150830501317061	NA	"prevalence"	37	33
"UniRef90_F4NKV9|g__Escherichia.s__Escherichia_coli"	"sick"	"CC"	"sickCC"	-4.10026368506012	0	1.76520956074079	0.0201888359734929	0.135608030312518	0.0399700828490212	0.150830501317061	NA	"prevalence"	37	33
"UniRef90_U9YPG6"	"sick"	"CC"	"sickCC"	-4.10026368506012	0	1.76520956074079	0.0201888359734929	0.135608030312518	0.0399700828490212	0.150830501317061	NA	"prevalence"	37	33
"UniRef90_U9YPG6|g__Escherichia.s__Escherichia_coli"	"sick"	"CC"	"sickCC"	-4.10026368506012	0	1.76520956074079	0.0201888359734929	0.135608030312518	0.0399700828490212	0.150830501317061	NA	"prevalence"	37	33
"UniRef90_A0A174Q4J4"	"sick"	"CC"	"sickCC"	0.552548805253342	-1.57857971460668	0.845338834727629	0.0235687612931508	0.152554164006576	0.046582036077408	0.169389222099666	NA	"abundance"	37	25
"UniRef90_A0A174Q4J4|g__Prevotella.s__Prevotella_copri"	"sick"	"CC"	"sickCC"	0.552548805253342	-1.57857971460668	0.845338834727629	0.0234921700922461	0.152554164006576	0.0464324581288493	0.169389222099666	NA	"abundance"	37	25
"UniRef90_I0PYL5|g__Bacteroides.s__Bacteroides_ovatus"	"sick"	"CC"	"sickCC"	-1.93670580384488	0	0.877488789817314	0.0273070502417956	0.173594819394272	0.0538684254906832	0.192387233895297	NA	"prevalence"	37	21
"UniRef90_A0A174XX49"	"sick"	"CC"	"sickCC"	0.446313266637497	-1.57857971460668	0.873554953570993	0.0343456945982594	0.182187348444374	0.067511762459082	0.2057763857272	NA	"abundance"	37	28
"UniRef90_A0A174XX49|g__Prevotella.s__Prevotella_copri"	"sick"	"CC"	"sickCC"	0.446313266637497	-1.57857971460668	0.873554953570993	0.0343412830208039	0.182187348444374	0.0675032423220928	0.2057763857272	NA	"abundance"	37	28
"UniRef90_A0A2H4TVT9"	"sick"	"CC"	"sickCC"	-3.78883756514418	-1.57857971460668	0.971928565665727	0.0353262763669053	0.182187348444374	0.0694046069318597	0.2057763857272	NA	"abundance"	37	33
"UniRef90_A0A2H4TVT9|g__Escherichia.s__Escherichia_coli"	"sick"	"CC"	"sickCC"	-3.78883756514418	-1.57857971460668	0.971928565665727	0.0346458287933999	0.182187348444374	0.0680913241340183	0.2057763857272	NA	"abundance"	37	33
"UniRef90_C0FSN2"	"sick"	"CC"	"sickCC"	2.04290528616572	-1.57857971460668	1.54462090515236	0.031775908638811	0.182187348444374	0.0625421089077999	0.2057763857272	NA	"abundance"	37	21
"UniRef90_C0FSN2|g__Roseburia.s__Roseburia_inulinivorans"	"sick"	"CC"	"sickCC"	2.04290528616572	-1.57857971460668	1.54462090515236	0.0318777895919813	0.182187348444374	0.062739385714692	0.2057763857272	NA	"abundance"	37	21
"UniRef90_A0A0E1LDK4"	"sick"	"CC"	"sickCC"	-3.6440136985739	0	1.77814310774338	0.0404292149637797	0.182187348444374	0.0792239085049718	0.2057763857272	NA	"prevalence"	37	34
"UniRef90_A0A0E1LDK4|g__Escherichia.s__Escherichia_coli"	"sick"	"CC"	"sickCC"	-3.6440136985739	0	1.77814310774338	0.0404292149637797	0.182187348444374	0.0792239085049718	0.2057763857272	NA	"prevalence"	37	34
"UniRef90_A0A0E9ESU1"	"sick"	"CC"	"sickCC"	-2.2597651284266	0	1.0754143882365	0.0356148947346619	0.182187348444374	0.0699613687423628	0.2057763857272	NA	"prevalence"	37	17
"UniRef90_A0A0J2B3T8"	"sick"	"CC"	"sickCC"	-2.31537144076994	0	1.1160592863583	0.0380240505276019	0.182187348444374	0.0746022726366783	0.2057763857272	NA	"prevalence"	37	33
"UniRef90_A0A0M2B020"	"sick"	"CC"	"sickCC"	-2.2597651284266	0	1.0754143882365	0.0356148947346618	0.182187348444374	0.0699613687423625	0.2057763857272	NA	"prevalence"	37	17
"UniRef90_A0A0M2B020|g__Enterococcus.s__Enterococcus_faecium"	"sick"	"CC"	"sickCC"	-2.2597651284266	0	1.0754143882365	0.0356148947346618	0.182187348444374	0.0699613687423625	0.2057763857272	NA	"prevalence"	37	17
"UniRef90_A0A192CAU6"	"sick"	"CC"	"sickCC"	-3.6440136985739	0	1.77814310774338	0.0404292149637797	0.182187348444374	0.0792239085049718	0.2057763857272	NA	"prevalence"	37	34
"UniRef90_A0A192CAU6|g__Escherichia.s__Escherichia_coli"	"sick"	"CC"	"sickCC"	-3.6440136985739	0	1.77814310774338	0.0404292149637797	0.182187348444374	0.0792239085049718	0.2057763857272	NA	"prevalence"	37	34
"UniRef90_A0A1D7PS63"	"sick"	"CC"	"sickCC"	-3.6440136985739	0	1.77814310774338	0.0404292149637797	0.182187348444374	0.0792239085049718	0.2057763857272	NA	"prevalence"	37	34
"UniRef90_A0A1D7PS63|g__Escherichia.s__Escherichia_coli"	"sick"	"CC"	"sickCC"	-3.6440136985739	0	1.77814310774338	0.0404292149637797	0.182187348444374	0.0792239085049718	0.2057763857272	NA	"prevalence"	37	34
"UniRef90_A0A2H4TTX9"	"sick"	"CC"	"sickCC"	-3.6440136985739	0	1.77814310774338	0.0404292149637797	0.182187348444374	0.0792239085049718	0.2057763857272	NA	"prevalence"	37	34
"UniRef90_A0A2H4TTX9|g__Escherichia.s__Escherichia_coli"	"sick"	"CC"	"sickCC"	-3.6440136985739	0	1.77814310774338	0.0404292149637797	0.182187348444374	0.0792239085049718	0.2057763857272	NA	"prevalence"	37	34
"UniRef90_A0A2H4TVT9"	"sick"	"CC"	"sickCC"	-2.31537144076995	0	1.1160592863583	0.038024050527602	0.182187348444374	0.0694046069318597	0.2057763857272	NA	"prevalence"	37	33
"UniRef90_A0A2H4TVT9|g__Escherichia.s__Escherichia_coli"	"sick"	"CC"	"sickCC"	-2.31537144076995	0	1.1160592863583	0.038024050527602	0.182187348444374	0.0680913241340183	0.2057763857272	NA	"prevalence"	37	33
"UniRef90_A0T3C6|g__Escherichia.s__Escherichia_coli"	"sick"	"CC"	"sickCC"	-1.73730058754242	0	0.81609360024882	0.0332707570478476	0.182187348444374	0.0654345708211584	0.2057763857272	NA	"prevalence"	37	24
"UniRef90_E1IVY0"	"sick"	"CC"	"sickCC"	-3.6440136985739	0	1.77814310774338	0.0404292149637797	0.182187348444374	0.0792239085049718	0.2057763857272	NA	"prevalence"	37	34
"UniRef90_E1IVY0|g__Escherichia.s__Escherichia_coli"	"sick"	"CC"	"sickCC"	-3.6440136985739	0	1.77814310774338	0.0404292149637797	0.182187348444374	0.0792239085049718	0.2057763857272	NA	"prevalence"	37	34
"UniRef90_A0A0T7A674"	"sick"	"CC"	"sickCC"	1.27566135397229	-1.57857971460668	1.32717651463977	0.0478295062412761	0.184498969941929	0.093371350815268	0.210783702165226	NA	"abundance"	37	20
"UniRef90_A0A0T7A674|g__Bacteroides.s__Bacteroides_uniformis"	"sick"	"CC"	"sickCC"	1.27566135397229	-1.57857971460668	1.32717651463977	0.0476933523114154	0.184498969941929	0.0931120487681299	0.210783702165226	NA	"abundance"	37	20
"UniRef90_A0A174NRF1"	"sick"	"CC"	"sickCC"	0.412695211019912	-1.57857971460668	0.935816221122522	0.0486618181791051	0.184498969941929	0.0949556638097139	0.210783702165226	NA	"abundance"	37	28
"UniRef90_A0A174NRF1|g__Prevotella.s__Prevotella_copri"	"sick"	"CC"	"sickCC"	0.412695211019912	-1.57857971460668	0.935816221122522	0.0493899874235189	0.184498969941929	0.0963406039893424	0.210783702165226	NA	"abundance"	37	28
"UniRef90_A0A174VLZ6"	"sick"	"CC"	"sickCC"	0.516956191251871	-1.57857971460668	0.99800259721341	0.0499106941325265	0.184498969941929	0.0973303108762623	0.210783702165226	NA	"abundance"	37	28
"UniRef90_A0A174VLZ6|g__Prevotella.s__Prevotella_copri"	"sick"	"CC"	"sickCC"	0.516956191251871	-1.57857971460668	0.99800259721341	0.0502707867538401	0.184498969941929	0.0980144215068302	0.210783702165226	NA	"abundance"	37	28
"UniRef90_A0A174Y4P3"	"sick"	"CC"	"sickCC"	0.427432456351492	-1.57857971460668	0.934982576472478	0.0461804236485148	0.184498969941929	0.0902282157686733	0.210783702165226	NA	"abundance"	37	28
"UniRef90_A0A174Y4P3|g__Prevotella.s__Prevotella_copri"	"sick"	"CC"	"sickCC"	0.427432456351492	-1.57857971460668	0.934982576472478	0.0464260566819192	0.184498969941929	0.0906967346248057	0.210783702165226	NA	"abundance"	37	28
"UniRef90_I2WAU1"	"sick"	"CC"	"sickCC"	-3.54928579227749	-1.57857971460668	0.929387247889323	0.0491950523780246	0.184498969941929	0.0959699515775725	0.210783702165226	NA	"abundance"	37	32
"UniRef90_I2WAU1|g__Escherichia.s__Escherichia_coli"	"sick"	"CC"	"sickCC"	-3.54928579227749	-1.57857971460668	0.929387247889323	0.0497033546103067	0.184498969941929	0.0969362857610956	0.210783702165226	NA	"abundance"	37	32
"UniRef90_S4EDF6"	"sick"	"CC"	"sickCC"	-6.4548227754783	-1.57857971460668	2.20123084402618	0.0464092779767409	0.184498969941929	0.0906647348711594	0.210783702165226	NA	"abundance"	37	15
"UniRef90_A0A1S8IMK6"	"sick"	"CC"	"sickCC"	-2.11907699802912	0	1.07445233094829	0.0485823074860958	0.184498969941929	0.094804374371518	0.210783702165226	NA	"prevalence"	37	16
"UniRef90_A0A1S8IMK6|g__Escherichia.s__Escherichia_coli"	"sick"	"CC"	"sickCC"	-2.11907699802912	0	1.07445233094829	0.0485823074860958	0.184498969941929	0.094804374371518	0.210783702165226	NA	"prevalence"	37	16
"UniRef90_C0FSN2"	"sick"	"CC"	"sickCC"	2.11907699802912	0	1.07445233094829	0.0485823074860957	0.184498969941929	0.0625421089077999	0.2057763857272	NA	"prevalence"	37	21
"UniRef90_C0FSN2|g__Roseburia.s__Roseburia_inulinivorans"	"sick"	"CC"	"sickCC"	2.11907699802912	0	1.07445233094829	0.0485823074860957	0.184498969941929	0.062739385714692	0.2057763857272	NA	"prevalence"	37	21
"UniRef90_D4RG23"	"sick"	"CC"	"sickCC"	-2.11907699802911	0	1.07445233094829	0.0485823074860972	0.184498969941929	0.0948043743715207	0.210783702165226	NA	"prevalence"	37	16
"UniRef90_D4RG23|g__Enterococcus.s__Enterococcus_faecium"	"sick"	"CC"	"sickCC"	-2.11907699802911	0	1.07445233094829	0.0485823074860972	0.184498969941929	0.0948043743715207	0.210783702165226	NA	"prevalence"	37	16
"UniRef90_S4DMT8"	"sick"	"CC"	"sickCC"	-2.11907699802911	0	1.07445233094829	0.0485823074860972	0.184498969941929	0.0948043743715208	0.210783702165226	NA	"prevalence"	37	16
"UniRef90_A0A0I1DLX7"	"sick"	"CC"	"sickCC"	-5.56398538523257	-1.57857971460668	1.91675049169622	0.0525523352612001	0.188809907903039	0.102342922580995	0.215125234566882	NA	"abundance"	37	22
"UniRef90_A0A0I1DLX7|g__Escherichia.s__Escherichia_coli"	"sick"	"CC"	"sickCC"	-5.56398538523257	-1.57857971460668	1.91675049169622	0.0523270288437239	0.188809907903039	0.101915939739836	0.215125234566882	NA	"abundance"	37	22
"UniRef90_Q1WUH8|g__Lactobacillus.s__Lactobacillus_ruminis"	"sick"	"CC"	"sickCC"	1.56229448548904	0	0.807544379280533	0.0530364909839996	0.188809907903039	0.103260112592103	0.215125234566882	NA	"prevalence"	37	14
"UniRef90_P59628"	"sick"	"CC"	"sickCC"	-1.63446663374754	0	0.870162765429251	0.060333865803822	0.212661942833274	0.11702755624481	0.241293930401671	NA	"prevalence"	37	19
"UniRef90_E7FSA1"	"sick"	"CC"	"sickCC"	1.47240577783418	0	0.799586839939677	0.065554434336404	0.224397871382306	0.126811484811642	0.243868240022389	NA	"prevalence"	37	11
"UniRef90_E7FSA1|g__Lactobacillus.s__Lactobacillus_ruminis"	"sick"	"CC"	"sickCC"	1.47240577783418	0	0.799586839939677	0.065554434336404	0.224397871382306	0.126811484811642	0.243868240022389	NA	"prevalence"	37	11
"UniRef90_S4EDF6"	"sick"	"CC"	"sickCC"	-1.97975432647149	0	1.07413766299079	0.0653128892835307	0.224397871382306	0.0906647348711594	0.210783702165226	NA	"prevalence"	37	15
"UniRef90_I2WAU1"	"sick"	"CC"	"sickCC"	-1.73265135697347	0	0.970600772902926	0.074239765189125	0.249333551012533	0.0959699515775725	0.210783702165226	NA	"prevalence"	37	32
"UniRef90_I2WAU1|g__Escherichia.s__Escherichia_coli"	"sick"	"CC"	"sickCC"	-1.73265135697347	0	0.970600772902926	0.074239765189125	0.249333551012533	0.0969362857610956	0.210783702165226	NA	"prevalence"	37	32
"UniRef90_A0A0E9FRS3|g__Dorea.s__Dorea_longicatena"	"sick"	"CC"	"sickCC"	0.794834533008002	-1.57857971460668	1.28604763620383	0.0803616624750609	0.261311260098478	0.154265328154366	0.272031007979109	NA	"abundance"	37	27
"UniRef90_A0A0I1DLX7"	"sick"	"CC"	"sickCC"	-1.39922547561372	0	0.801207652198958	0.0807422432888556	0.261311260098478	0.102342922580995	0.215125234566882	NA	"prevalence"	37	22
"UniRef90_A0A0I1DLX7|g__Escherichia.s__Escherichia_coli"	"sick"	"CC"	"sickCC"	-1.39922547561372	0	0.801207652198958	0.0807422432888556	0.261311260098478	0.101915939739836	0.215125234566882	NA	"prevalence"	37	22
"UniRef90_Q1WUH8"	"sick"	"CC"	"sickCC"	1.39922547561373	0	0.801207652198958	0.0807422432888542	0.261311260098478	0.154965176726392	0.272031007979109	NA	"prevalence"	37	15
"UniRef90_Q9LBQ4"	"sick"	"CC"	"sickCC"	-1.84043165491384	0	1.07445233094829	0.0867305517358288	0.266173072568578	0.165938914867256	0.272031007979109	NA	"prevalence"	37	14
"UniRef90_Q9LBQ4|g__Enterococcus.s__Enterococcus_faecium"	"sick"	"CC"	"sickCC"	-1.84043165491384	0	1.07445233094829	0.0867305517358288	0.266173072568578	0.165938914867256	0.272031007979109	NA	"prevalence"	37	14
"UniRef90_UPI000CDE3CF2"	"sick"	"CC"	"sickCC"	-1.49096554514743	0	0.868099428519842	0.0858868499373427	0.266173072568578	0.164397148882526	0.272031007979109	NA	"prevalence"	37	18
"UniRef90_UPI000CDE3CF2|g__Escherichia.s__Escherichia_coli"	"sick"	"CC"	"sickCC"	-1.49096554514743	0	0.868099428519842	0.0858868499373427	0.266173072568578	0.164397148882526	0.272031007979109	NA	"prevalence"	37	18
"UniRef90_W1ESP1"	"sick"	"CC"	"sickCC"	-1.49096554514743	0	0.868099428519843	0.085886849937343	0.266173072568578	0.164397148882526	0.272031007979109	NA	"prevalence"	37	18
"UniRef90_W1ESP1|g__Escherichia.s__Escherichia_coli"	"sick"	"CC"	"sickCC"	-1.49096554514743	0	0.868099428519843	0.085886849937343	0.266173072568578	0.164397148882526	0.272031007979109	NA	"prevalence"	37	18
"UniRef90_A0A0E9FRS3"	"sick"	"CC"	"sickCC"	0.795719432760111	-1.57857971460668	1.3360879218928	0.0882779543114575	0.268606425084435	0.168762911405499	0.274411238057722	NA	"abundance"	37	32
"UniRef90_A0A1D7PS63"	"sick"	"CC"	"sickCC"	-3.30558785133009	-1.57857971460668	0.974618825296819	0.0945411280315606	0.285225776095217	0.0792239085049718	0.2057763857272	NA	"abundance"	37	34
"UniRef90_A0A1D7PS63|g__Escherichia.s__Escherichia_coli"	"sick"	"CC"	"sickCC"	-3.30558785133009	-1.57857971460668	0.974618825296819	0.0960120576511242	0.287229348939498	0.0792239085049718	0.2057763857272	NA	"abundance"	37	34
"UniRef90_A0A174UKK8|g__Prevotella.s__Prevotella_copri"	"sick"	"CC"	"sickCC"	0.363360825673058	-1.57857971460668	1.11072989743551	0.0975708488671598	0.289460184972574	0.185621627185662	0.284879505440402	NA	"abundance"	37	27
"UniRef90_A0A174UKK8"	"sick"	"CC"	"sickCC"	0.363360825673058	-1.57857971460668	1.11072989743551	0.0984088409707771	0.289533449467741	0.187133381960342	0.284879505440402	NA	"abundance"	37	27
"UniRef90_F4NKV9"	"sick"	"CC"	"sickCC"	-3.81359070605095	-1.57857971460668	1.30614579390975	0.102568934412279	0.290969983197171	0.0399700828490212	0.150830501317061	NA	"abundance"	37	33
"UniRef90_F4NKV9|g__Escherichia.s__Escherichia_coli"	"sick"	"CC"	"sickCC"	-3.81359070605095	-1.57857971460668	1.30614579390975	0.102288948316	0.290969983197171	0.0399700828490212	0.150830501317061	NA	"abundance"	37	33
"UniRef90_A0A3E4MCK9"	"sick"	"CC"	"sickCC"	1.28105060105628	0	0.787515563675146	0.10380108951135	0.290969983197171	0.196827512838957	0.284879505440402	NA	"prevalence"	37	12
"UniRef90_A0A3E4MCK9|g__Lactobacillus.s__Lactobacillus_ruminis"	"sick"	"CC"	"sickCC"	1.28105060105628	0	0.787515563675146	0.10380108951135	0.290969983197171	0.196827512838957	0.284879505440402	NA	"prevalence"	37	12
"UniRef90_G2SNS8"	"sick"	"CC"	"sickCC"	1.28105060105628	0	0.787515563675146	0.10380108951135	0.290969983197171	0.196827512838957	0.284879505440402	NA	"prevalence"	37	12
"UniRef90_G2SNS8|g__Lactobacillus.s__Lactobacillus_ruminis"	"sick"	"CC"	"sickCC"	1.28105060105628	0	0.787515563675146	0.10380108951135	0.290969983197171	0.196827512838957	0.284879505440402	NA	"prevalence"	37	12
"UniRef90_D1PAK7"	"sick"	"CC"	"sickCC"	1.69974352451635	0	1.0754143882365	0.113981537573979	0.314553700591756	0.00109184698581244	0.0124593018381756	NA	"prevalence"	37	24
"UniRef90_D1PAK7|g__Prevotella.s__Prevotella_copri"	"sick"	"CC"	"sickCC"	1.69974352451635	0	1.0754143882365	0.113981537573979	0.314553700591756	0.0011213371654358	0.0124593018381756	NA	"prevalence"	37	24
"UniRef90_D1PCG7"	"sick"	"CC"	"sickCC"	-0.0449802058444157	-1.57857971460668	0.908671704451045	0.117340589824478	0.31603710138657	0.220912365628599	0.310768597014527	NA	"abundance"	37	27
"UniRef90_A6XA87|g__Bacteroides.s__Bacteroides_uniformis"	"sick"	"CC"	"sickCC"	-1.24492466054356	0	0.796534700705757	0.118070040686556	0.31603710138657	0.222199546865387	0.310768597014527	NA	"prevalence"	37	21
"UniRef90_A7V4G2"	"sick"	"CC"	"sickCC"	-1.24492466054356	0	0.796534700705757	0.118070040686556	0.31603710138657	0.222199546865387	0.310768597014527	NA	"prevalence"	37	21
"UniRef90_A7V4G2|g__Bacteroides.s__Bacteroides_uniformis"	"sick"	"CC"	"sickCC"	-1.24492466054356	0	0.796534700705757	0.118070040686556	0.31603710138657	0.222199546865387	0.310768597014527	NA	"prevalence"	37	21
"UniRef90_Q9LBQ4"	"sick"	"CC"	"sickCC"	-9.31363741570969	-1.57857971460668	4.69377048692754	0.125116356872602	0.318845583761097	0.165938914867256	0.272031007979109	NA	"abundance"	37	14
"UniRef90_A0A133MZE1"	"sick"	"CC"	"sickCC"	-4.4568092299519	0	2.90811533356341	0.125388712715038	0.318845583761097	0.125388712715038	0.243868240022389	NA	"prevalence"	37	15
"UniRef90_A0A1X4JA18"	"sick"	"CC"	"sickCC"	-4.4568092299519	0	2.9081153335634	0.125388712715036	0.318845583761097	0.125388712715036	0.243868240022389	NA	"prevalence"	37	15
"UniRef90_A0A1X4JA18|g__Enterococcus.s__Enterococcus_faecium"	"sick"	"CC"	"sickCC"	-4.4568092299519	0	2.9081153335634	0.125388712715036	0.318845583761097	0.125388712715036	0.243868240022389	NA	"prevalence"	37	15
"UniRef90_I0PYL5"	"sick"	"CC"	"sickCC"	-1.25220025373237	0	0.816442168117042	0.12509657029137	0.318845583761097	0.234543988684076	0.315253756923659	NA	"prevalence"	37	28
"UniRef90_I3U631"	"sick"	"CC"	"sickCC"	-4.4568092299519	0	2.9081153335634	0.125388712715036	0.318845583761097	0.125388712715036	0.243868240022389	NA	"prevalence"	37	15
"UniRef90_I3U631|g__Enterococcus.s__Enterococcus_faecium"	"sick"	"CC"	"sickCC"	-4.4568092299519	0	2.9081153335634	0.125388712715036	0.318845583761097	0.125388712715036	0.243868240022389	NA	"prevalence"	37	15
"UniRef90_A6XA87"	"sick"	"CC"	"sickCC"	-1.77789111253814	0	1.17202458969719	0.129281805012442	0.326413635350564	0.241849824917609	0.316143561983803	NA	"prevalence"	37	34
"UniRef90_J6QDP1"	"sick"	"CC"	"sickCC"	-4.31748655839427	0	2.90799908887221	0.137625106067292	0.340239845555252	0.137625106067292	0.257243188910828	NA	"prevalence"	37	14
"UniRef90_J6QDP1|g__Enterococcus.s__Enterococcus_faecium"	"sick"	"CC"	"sickCC"	-4.31748655839427	0	2.90799908887221	0.137625106067292	0.340239845555252	0.137625106067292	0.257243188910828	NA	"prevalence"	37	14
"UniRef90_S4EDF6|g__Enterococcus.s__Enterococcus_faecium"	"sick"	"CC"	"sickCC"	-4.31748655839424	0	2.90799908887219	0.137625106067293	0.340239845555252	0.137625106067293	0.257243188910828	NA	"prevalence"	37	14
"UniRef90_A0A192CAU6"	"sick"	"CC"	"sickCC"	-3.04414880702813	-1.57857971460668	0.938907748312057	0.140621240213965	0.341932250209328	0.0792239085049718	0.2057763857272	NA	"abundance"	37	34
"UniRef90_A0A192CAU6|g__Escherichia.s__Escherichia_coli"	"sick"	"CC"	"sickCC"	-3.04414880702813	-1.57857971460668	0.938907748312057	0.141483297996045	0.341932250209328	0.0792239085049718	0.2057763857272	NA	"abundance"	37	34
"UniRef90_A0A2H4TTX9"	"sick"	"CC"	"sickCC"	-2.92466453458017	-1.57857971460668	0.874026430816428	0.149609967329982	0.341932250209328	0.0792239085049718	0.2057763857272	NA	"abundance"	37	34
"UniRef90_A0A2H4TTX9|g__Escherichia.s__Escherichia_coli"	"sick"	"CC"	"sickCC"	-2.92466453458017	-1.57857971460668	0.874026430816428	0.147455965489671	0.341932250209328	0.0792239085049718	0.2057763857272	NA	"abundance"	37	34
"UniRef90_F2NAL9|g__Collinsella.s__Collinsella_aerofaciens"	"sick"	"CC"	"sickCC"	-0.226699015245528	-1.57857971460668	0.889353599115308	0.146225364229468	0.341932250209328	0.271068871314896	0.330571794286458	NA	"abundance"	37	32
"UniRef90_Q9LBQ4|g__Enterococcus.s__Enterococcus_faecium"	"sick"	"CC"	"sickCC"	-9.11621358620131	-1.57857971460668	4.84800957650988	0.146020750563927	0.341932250209328	0.165938914867256	0.272031007979109	NA	"abundance"	37	14
"UniRef90_A0A174Q4J4"	"sick"	"CC"	"sickCC"	1.55624243591624	0	1.07708065016928	0.148494165179357	0.341932250209328	0.046582036077408	0.169389222099666	NA	"prevalence"	37	25
"UniRef90_A0A174Q4J4|g__Prevotella.s__Prevotella_copri"	"sick"	"CC"	"sickCC"	1.55624243591624	0	1.07708065016928	0.148494165179357	0.341932250209328	0.0464324581288493	0.169389222099666	NA	"prevalence"	37	25
"UniRef90_A0A1S8IMK6|g__Enterococcus.s__Enterococcus_faecium"	"sick"	"CC"	"sickCC"	-4.17816388683661	0	2.90811533356344	0.150795964277709	0.341932250209328	0.150795964277709	0.272031007979109	NA	"prevalence"	37	13
"UniRef90_A0A1V2STI7"	"sick"	"CC"	"sickCC"	-1.55624243591624	0	1.07708065016928	0.148494165179358	0.341932250209328	0.274937813266402	0.3312503774294	NA	"prevalence"	37	12
"UniRef90_A0A1V2STI7|g__Escherichia.s__Escherichia_coli"	"sick"	"CC"	"sickCC"	-1.55624243591624	0	1.07708065016928	0.148494165179358	0.341932250209328	0.274937813266402	0.3312503774294	NA	"prevalence"	37	12
"UniRef90_V5XUZ1"	"sick"	"CC"	"sickCC"	-4.17816388683661	0	2.90811533356344	0.150795964277709	0.341932250209328	0.150795964277709	0.272031007979109	NA	"prevalence"	37	13
"UniRef90_V5XUZ1|g__Enterococcus.s__Enterococcus_faecium"	"sick"	"CC"	"sickCC"	-4.17816388683661	0	2.90811533356344	0.150795964277709	0.341932250209328	0.150795964277709	0.272031007979109	NA	"prevalence"	37	13
"UniRef90_F2NAL9"	"sick"	"CC"	"sickCC"	-0.255697120373056	-1.57857971460668	0.884334265239767	0.155507551924856	0.346004303032804	0.286832505144049	0.339446751649763	NA	"abundance"	37	32
"UniRef90_F7LS08"	"sick"	"CC"	"sickCC"	-1.1060444990029	0	0.77865263318831	0.155473962842192	0.346004303032804	0.286775772562529	0.339446751649763	NA	"prevalence"	37	24
"UniRef90_F7LS08|g__Bacteroides.s__Bacteroides_fragilis"	"sick"	"CC"	"sickCC"	-1.1060444990029	0	0.77865263318831	0.155473962842192	0.346004303032804	0.286775772562529	0.339446751649763	NA	"prevalence"	37	24
"UniRef90_A0A0T7A674"	"sick"	"CC"	"sickCC"	-1.09698630551638	0	0.793177384969212	0.166656368307209	0.348998041866862	0.093371350815268	0.210783702165226	NA	"prevalence"	37	20
"UniRef90_A0A0T7A674|g__Bacteroides.s__Bacteroides_uniformis"	"sick"	"CC"	"sickCC"	-1.09698630551638	0	0.793177384969212	0.166656368307209	0.348998041866862	0.0931120487681299	0.210783702165226	NA	"prevalence"	37	20
"UniRef90_A0A174KXX9"	"sick"	"CC"	"sickCC"	1.09698630551639	0	0.793177384969211	0.166656368307207	0.348998041866862	0.305538391517067	0.35527719943845	NA	"prevalence"	37	17
"UniRef90_A0A174KXX9|g__Collinsella.s__Collinsella_aerofaciens"	"sick"	"CC"	"sickCC"	1.09698630551639	0	0.793177384969211	0.166656368307207	0.348998041866862	0.305538391517067	0.35527719943845	NA	"prevalence"	37	17
"UniRef90_A0A1B2H845|g__Klebsiella.s__Klebsiella_pneumoniae"	"sick"	"CC"	"sickCC"	-4.03747575643913	0	2.90847091928595	0.165082806487399	0.348998041866862	0.165082806487399	0.272031007979109	NA	"prevalence"	37	12
"UniRef90_A0T3C6|g__Klebsiella.s__Klebsiella_pneumoniae"	"sick"	"CC"	"sickCC"	-4.03747575643913	0	2.90847091928595	0.165082806487398	0.348998041866862	0.165082806487398	0.272031007979109	NA	"prevalence"	37	12
"UniRef90_A7V7B8"	"sick"	"CC"	"sickCC"	-1.09698630551638	0	0.793177384969212	0.166656368307209	0.348998041866862	0.0351452530118051	0.150830501317061	NA	"prevalence"	37	20
"UniRef90_A7V7B8|g__Bacteroides.s__Bacteroides_uniformis"	"sick"	"CC"	"sickCC"	-1.09698630551638	0	0.793177384969212	0.166656368307209	0.348998041866862	0.0349499151279951	0.150830501317061	NA	"prevalence"	37	20
"UniRef90_UPI000C03D4E6"	"sick"	"CC"	"sickCC"	-4.03747575643914	0	2.90847091928594	0.165082806487398	0.348998041866862	0.165082806487398	0.272031007979109	NA	"prevalence"	37	12
"UniRef90_UPI000C03D4E6|g__Enterococcus.s__Enterococcus_faecium"	"sick"	"CC"	"sickCC"	-4.03747575643914	0	2.90847091928594	0.165082806487398	0.348998041866862	0.165082806487398	0.272031007979109	NA	"prevalence"	37	12
"UniRef90_D4RG23"	"sick"	"CC"	"sickCC"	-5.05746171285494	-1.57857971460668	2.45209629113263	0.178705112833251	0.361460960184948	0.0948043743715207	0.210783702165226	NA	"abundance"	37	16
"UniRef90_D4RG23|g__Enterococcus.s__Enterococcus_faecium"	"sick"	"CC"	"sickCC"	-5.05746171285494	-1.57857971460668	2.45209629113263	0.18010816202817	0.361460960184948	0.0948043743715207	0.210783702165226	NA	"abundance"	37	16
"UniRef90_P59628"	"sick"	"CC"	"sickCC"	-4.3226548089675	-1.57857971460668	2.01591621267464	0.19259080657955	0.361460960184948	0.11702755624481	0.241293930401671	NA	"abundance"	37	19
"UniRef90_A0A0E9FRS3|g__Dorea.s__Dorea_longicatena"	"sick"	"CC"	"sickCC"	3.74603631281183	0	2.91000461990929	0.197991256281081	0.361460960184948	0.154265328154366	0.272031007979109	NA	"prevalence"	37	27
"UniRef90_A0A174LQ87"	"sick"	"CC"	"sickCC"	1.40830408088908	0	1.07955541421962	0.192055571047511	0.361460960184948	0.0042280019007268	0.03020001357662	NA	"prevalence"	37	26
"UniRef90_A0A174LQ87|g__Prevotella.s__Prevotella_copri"	"sick"	"CC"	"sickCC"	1.40830408088908	0	1.07955541421962	0.192055571047511	0.361460960184948	0.00417913252586271	0.03020001357662	NA	"prevalence"	37	26
"UniRef90_A0A1S8JJQ1"	"sick"	"CC"	"sickCC"	-3.74603631281185	0	2.91000461990927	0.197991256281077	0.361460960184948	0.197991256281077	0.284879505440402	NA	"prevalence"	37	10
"UniRef90_A0A1S8JJQ1|g__Enterococcus.s__Enterococcus_faecium"	"sick"	"CC"	"sickCC"	-3.74603631281185	0	2.91000461990927	0.197991256281077	0.361460960184948	0.197991256281077	0.284879505440402	NA	"prevalence"	37	10
"UniRef90_A7B6Q1"	"sick"	"CC"	"sickCC"	-1.40830408088908	0	1.07955541421962	0.192055571047511	0.361460960184948	0.347225799724636	0.387961787401831	NA	"prevalence"	37	11
"UniRef90_A7B6Q1|g__Blautia.s__Ruminococcus_gnavus"	"sick"	"CC"	"sickCC"	-1.40830408088908	0	1.07955541421962	0.192055571047511	0.361460960184948	0.347225799724636	0.387961787401831	NA	"prevalence"	37	11
"UniRef90_C9BZL5"	"sick"	"CC"	"sickCC"	-3.89397466783902	0	2.90908743604288	0.180715456913088	0.361460960184948	0.180715456913088	0.284879505440402	NA	"prevalence"	37	11
"UniRef90_J7SHX6"	"sick"	"CC"	"sickCC"	1.40830408088907	0	1.07955541421962	0.192055571047513	0.361460960184948	0.347225799724639	0.387961787401831	NA	"prevalence"	37	26
"UniRef90_J7SHX6|g__Streptococcus.s__Streptococcus_salivarius"	"sick"	"CC"	"sickCC"	1.40830408088907	0	1.07955541421962	0.192055571047513	0.361460960184948	0.347225799724639	0.387961787401831	NA	"prevalence"	37	26
"UniRef90_J7TUV6"	"sick"	"CC"	"sickCC"	1.40830408088907	0	1.07955541421962	0.192055571047513	0.361460960184948	0.0247958806523955	0.118075622154264	NA	"prevalence"	37	26
"UniRef90_J7TUV6|g__Streptococcus.s__Streptococcus_salivarius"	"sick"	"CC"	"sickCC"	1.40830408088907	0	1.07955541421962	0.192055571047513	0.361460960184948	0.0247481592053942	0.118075622154264	NA	"prevalence"	37	26
"UniRef90_Q9LBQ5"	"sick"	"CC"	"sickCC"	-3.74603631281183	0	2.91000461990927	0.197991256281079	0.361460960184948	0.197991256281079	0.284879505440402	NA	"prevalence"	37	10
"UniRef90_U2Z4S8|g__Streptococcus.s__Streptococcus_salivarius"	"sick"	"CC"	"sickCC"	1.40830408088907	0	1.07955541421962	0.192055571047513	0.361460960184948	0.347225799724639	0.387961787401831	NA	"prevalence"	37	26
"UniRef90_UPI0004A57A81"	"sick"	"CC"	"sickCC"	-3.89397466783902	0	2.90908743604288	0.180715456913087	0.361460960184948	0.180715456913087	0.284879505440402	NA	"prevalence"	37	11
"UniRef90_UPI0004A57A81|g__Enterococcus.s__Enterococcus_faecium"	"sick"	"CC"	"sickCC"	-3.89397466783902	0	2.90908743604288	0.180715456913087	0.361460960184948	0.180715456913087	0.284879505440402	NA	"prevalence"	37	11
"UniRef90_UPI000763F496"	"sick"	"CC"	"sickCC"	-3.74603631281183	0	2.91000461990927	0.197991256281079	0.361460960184948	0.197991256281079	0.284879505440402	NA	"prevalence"	37	10
"UniRef90_UPI000763F496|g__Enterococcus.s__Enterococcus_faecium"	"sick"	"CC"	"sickCC"	-3.74603631281183	0	2.91000461990927	0.197991256281079	0.361460960184948	0.197991256281079	0.284879505440402	NA	"prevalence"	37	10
"UniRef90_UPI000B358E33"	"sick"	"CC"	"sickCC"	-3.74603631281183	0	2.91000461990927	0.197991256281079	0.361460960184948	0.197991256281079	0.284879505440402	NA	"prevalence"	37	10
"UniRef90_UPI000B358E33|g__Enterococcus.s__Enterococcus_faecium"	"sick"	"CC"	"sickCC"	-3.74603631281183	0	2.91000461990927	0.197991256281079	0.361460960184948	0.197991256281079	0.284879505440402	NA	"prevalence"	37	10
"UniRef90_V8M0W9"	"sick"	"CC"	"sickCC"	1.40830408088907	0	1.07955541421962	0.192055571047513	0.361460960184948	0.347225799724639	0.387961787401831	NA	"prevalence"	37	26
"UniRef90_V8M0W9|g__Streptococcus.s__Streptococcus_salivarius"	"sick"	"CC"	"sickCC"	1.40830408088907	0	1.07955541421962	0.192055571047513	0.361460960184948	0.347225799724639	0.387961787401831	NA	"prevalence"	37	26
"UniRef90_E1IJ03"	"sick"	"CC"	"sickCC"	-0.942975489127588	0	0.772078817612342	0.221954987922891	0.401096323353042	0.394645959181931	0.436072883073957	NA	"prevalence"	37	23
"UniRef90_E1IJ03|g__Escherichia.s__Escherichia_coli"	"sick"	"CC"	"sickCC"	-0.942975489127588	0	0.772078817612342	0.221954987922891	0.401096323353042	0.394645959181931	0.436072883073957	NA	"prevalence"	37	23
"UniRef90_E1IVY0"	"sick"	"CC"	"sickCC"	-2.79214033754125	-1.57857971460668	0.968696429394191	0.230839760362012	0.404241973806943	0.0792239085049718	0.2057763857272	NA	"abundance"	37	34
"UniRef90_E1IVY0|g__Escherichia.s__Escherichia_coli"	"sick"	"CC"	"sickCC"	-2.79214033754125	-1.57857971460668	0.968696429394191	0.231088270778107	0.404241973806943	0.0792239085049718	0.2057763857272	NA	"abundance"	37	34
"UniRef90_S4DMT8"	"sick"	"CC"	"sickCC"	-5.31037168678035	-1.57857971460668	2.95987954425004	0.228967950099974	0.404241973806943	0.0948043743715208	0.210783702165226	NA	"abundance"	37	16
"UniRef90_A0A069RZ42"	"sick"	"CC"	"sickCC"	-1.04354376986909	0	0.867822913443406	0.22917579306033	0.404241973806943	0.405830041995828	0.441119610865031	NA	"prevalence"	37	30
"UniRef90_A0A069RZ42|g__Parabacteroides.s__Parabacteroides_distasonis"	"sick"	"CC"	"sickCC"	-1.04354376986909	0	0.867822913443406	0.22917579306033	0.404241973806943	0.405830041995828	0.441119610865031	NA	"prevalence"	37	30
"UniRef90_A0A0E9ESU1|g__Klebsiella.s__Klebsiella_pneumoniae"	"sick"	"CC"	"sickCC"	-3.42866804300637	0	2.91552151293293	0.23959285526198	0.404241973806943	0.23959285526198	0.315253756923659	NA	"prevalence"	37	8
"UniRef90_A0A0M1X7H2"	"sick"	"CC"	"sickCC"	-3.42866804300637	0	2.91552151293292	0.23959285526198	0.404241973806943	0.23959285526198	0.315253756923659	NA	"prevalence"	37	8
"UniRef90_A0A0M1X7H2|g__Enterococcus.s__Enterococcus_faecium"	"sick"	"CC"	"sickCC"	-3.42866804300637	0	2.91552151293292	0.23959285526198	0.404241973806943	0.23959285526198	0.315253756923659	NA	"prevalence"	37	8
"UniRef90_A0A1A7TBY5"	"sick"	"CC"	"sickCC"	-3.42866804300637	0	2.91552151293293	0.23959285526198	0.404241973806943	0.23959285526198	0.315253756923659	NA	"prevalence"	37	8
"UniRef90_A0A1A7TBY5|g__Escherichia.s__Escherichia_coli"	"sick"	"CC"	"sickCC"	-3.42866804300637	0	2.91552151293293	0.23959285526198	0.404241973806943	0.23959285526198	0.315253756923659	NA	"prevalence"	37	8
"UniRef90_A0A286V1L3"	"sick"	"CC"	"sickCC"	-3.42866804300637	0	2.91552151293293	0.23959285526198	0.404241973806943	0.23959285526198	0.315253756923659	NA	"prevalence"	37	8
"UniRef90_A0A286V1L3|g__Escherichia.s__Escherichia_coli"	"sick"	"CC"	"sickCC"	-3.42866804300637	0	2.91552151293293	0.23959285526198	0.404241973806943	0.23959285526198	0.315253756923659	NA	"prevalence"	37	8
"UniRef90_A0T3C6|g__Klebsiella.s__Klebsiella_quasipneumoniae"	"sick"	"CC"	"sickCC"	-3.42866804300637	0	2.91552151293293	0.23959285526198	0.404241973806943	0.23959285526198	0.315253756923659	NA	"prevalence"	37	8
"UniRef90_T4C1L2"	"sick"	"CC"	"sickCC"	-0.953485216916274	0	0.790913233852861	0.227991161274293	0.404241973806943	0.404002352929385	0.441119610865031	NA	"prevalence"	37	19
"UniRef90_A0A174JTA1"	"sick"	"CC"	"sickCC"	1.2540032658189	0	1.08300787849611	0.246909202741965	0.405067632148109	0.0016372170977107	0.016372170977107	NA	"prevalence"	37	27
"UniRef90_A0A174JTA1|g__Prevotella.s__Prevotella_copri"	"sick"	"CC"	"sickCC"	1.2540032658189	0	1.08300787849611	0.246909202741965	0.405067632148109	0.00153565936902497	0.0161648354634208	NA	"prevalence"	37	27
"UniRef90_A0A174RM08"	"sick"	"CC"	"sickCC"	1.2540032658189	0	1.08300787849611	0.246909202741965	0.405067632148109	0.00265047408588496	0.0220872840490414	NA	"prevalence"	37	27
"UniRef90_A0A174RM08|g__Prevotella.s__Prevotella_copri"	"sick"	"CC"	"sickCC"	1.2540032658189	0	1.08300787849611	0.246909202741965	0.405067632148109	0.00260225649879698	0.0220872840490414	NA	"prevalence"	37	27
"UniRef90_A0A174WHN0|g__Prevotella.s__Prevotella_copri"	"sick"	"CC"	"sickCC"	1.2540032658189	0	1.08300787849611	0.246909202741965	0.405067632148109	0.000729270227280753	0.00911587784100941	NA	"prevalence"	37	27
"UniRef90_D1PCG7"	"sick"	"CC"	"sickCC"	1.2540032658189	0	1.08300787849611	0.246909202741965	0.405067632148109	0.220912365628599	0.310768597014527	NA	"prevalence"	37	27
"UniRef90_D7K7P3"	"sick"	"CC"	"sickCC"	-4.35393057960515	-1.57857971460668	2.36441206432977	0.253547350400268	0.409896417416406	0.0124476570341945	0.07322151196585	NA	"abundance"	37	24
"UniRef90_D7K7P3|g__Bacteroides.s__Bacteroides_ovatus"	"sick"	"CC"	"sickCC"	-4.35393057960515	-1.57857971460668	2.36441206432977	0.253833688963922	0.409896417416406	0.0124476570341945	0.07322151196585	NA	"abundance"	37	24
"UniRef90_I0PYL5"	"sick"	"CC"	"sickCC"	-3.64444228981185	-1.57857971460668	1.76362990493167	0.253896199052883	0.409896417416406	0.234543988684076	0.315253756923659	NA	"abundance"	37	28
"UniRef90_A0A133MZE1|g__Clostridioides.s__Clostridioides_difficile"	"sick"	"CC"	"sickCC"	-3.25366194095243	0	2.91790106134115	0.264820719117341	0.409896417416406	0.264820719117341	0.324933397689989	NA	"prevalence"	37	7
"UniRef90_A0A1A7TA94"	"sick"	"CC"	"sickCC"	-3.25366194095243	0	2.91790106134115	0.264820719117341	0.409896417416406	0.264820719117341	0.324933397689989	NA	"prevalence"	37	7
"UniRef90_A0A1A7TA94|g__Enterococcus.s__Enterococcus_faecium"	"sick"	"CC"	"sickCC"	-3.25366194095243	0	2.91790106134115	0.264820719117341	0.409896417416406	0.264820719117341	0.324933397689989	NA	"prevalence"	37	7
"UniRef90_A0A1A7TBG8"	"sick"	"CC"	"sickCC"	-3.25366194095243	0	2.91790106134115	0.264820719117341	0.409896417416406	0.264820719117341	0.324933397689989	NA	"prevalence"	37	7
"UniRef90_A0A1A7TBG8|g__Enterococcus.s__Enterococcus_faecium"	"sick"	"CC"	"sickCC"	-3.25366194095243	0	2.91790106134115	0.264820719117341	0.409896417416406	0.264820719117341	0.324933397689989	NA	"prevalence"	37	7
"UniRef90_A0A2W4HXJ9"	"sick"	"CC"	"sickCC"	-3.25366194095244	0	2.91790106134115	0.26482071911734	0.409896417416406	0.26482071911734	0.324933397689989	NA	"prevalence"	37	7
"UniRef90_A0A2W4HXJ9|g__Enterococcus.s__Enterococcus_faecium"	"sick"	"CC"	"sickCC"	-3.25366194095244	0	2.91790106134115	0.26482071911734	0.409896417416406	0.26482071911734	0.324933397689989	NA	"prevalence"	37	7
"UniRef90_J6XYB2"	"sick"	"CC"	"sickCC"	-3.25366194095244	0	2.91790106134115	0.264820719117341	0.409896417416406	0.264820719117341	0.324933397689989	NA	"prevalence"	37	7
"UniRef90_J6XYB2|g__Enterococcus.s__Enterococcus_faecium"	"sick"	"CC"	"sickCC"	-3.25366194095244	0	2.91790106134115	0.264820719117341	0.409896417416406	0.264820719117341	0.324933397689989	NA	"prevalence"	37	7
"UniRef90_P59628|g__Clostridioides.s__Clostridioides_difficile"	"sick"	"CC"	"sickCC"	-3.25366194095243	0	2.91790106134115	0.264820719117341	0.409896417416406	0.264820719117341	0.324933397689989	NA	"prevalence"	37	7
"UniRef90_A0A0M2B020"	"sick"	"CC"	"sickCC"	-5.72654720023456	-1.57857971460668	3.65057901983462	0.272975515357543	0.417473736029076	0.0699613687423625	0.2057763857272	NA	"abundance"	37	17
"UniRef90_A0A0M2B020|g__Enterococcus.s__Enterococcus_faecium"	"sick"	"CC"	"sickCC"	-5.72654720023456	-1.57857971460668	3.65057901983462	0.273234214872963	0.417473736029076	0.0699613687423625	0.2057763857272	NA	"abundance"	37	17
"UniRef90_A0A1S8IMK6"	"sick"	"CC"	"sickCC"	-9.02599268304545	-1.57857971460668	6.50666383919357	0.271415074909567	0.417473736029076	0.094804374371518	0.210783702165226	NA	"abundance"	37	16
"UniRef90_U2Z4S8"	"sick"	"CC"	"sickCC"	-0.259185142527322	-1.57857971460668	1.18217620894251	0.276374130179129	0.420466625400727	0.476365600525989	0.514989838406474	NA	"abundance"	37	31
"UniRef90_A7B6Q1"	"sick"	"CC"	"sickCC"	1.94189510954578	-1.57857971460668	3.07127819792002	0.280076752230331	0.422725430123732	0.347225799724636	0.387961787401831	NA	"abundance"	37	11
"UniRef90_A7B6Q1|g__Blautia.s__Ruminococcus_gnavus"	"sick"	"CC"	"sickCC"	1.94189510954578	-1.57857971460668	3.07127819792002	0.280233712104497	0.422725430123732	0.347225799724636	0.387961787401831	NA	"abundance"	37	11
"UniRef90_A0A1A7TBY5|g__Enterococcus.s__Enterococcus_faecium"	"sick"	"CC"	"sickCC"	-3.06230676417549	0	2.92118210438562	0.294495432930443	0.442364447777374	0.294495432930443	0.346465215212286	NA	"prevalence"	37	6
"UniRef90_A0A0E9FRS3|g__Tyzzerella.s__Tyzzerella_nexilis"	"sick"	"CC"	"sickCC"	-1.09093425594359	0	1.08770413599015	0.315875496441444	0.451613159570901	0.53197366363076	0.565929429394425	NA	"prevalence"	37	9
"UniRef90_A0A174NRF1"	"sick"	"CC"	"sickCC"	1.09093425594359	0	1.08770413599015	0.315875496441445	0.451613159570901	0.0949556638097139	0.210783702165226	NA	"prevalence"	37	28
"UniRef90_A0A174NRF1|g__Prevotella.s__Prevotella_copri"	"sick"	"CC"	"sickCC"	1.09093425594359	0	1.08770413599015	0.315875496441445	0.451613159570901	0.0963406039893424	0.210783702165226	NA	"prevalence"	37	28
"UniRef90_A0A174VLZ6"	"sick"	"CC"	"sickCC"	1.09093425594359	0	1.08770413599015	0.315875496441445	0.451613159570901	0.0973303108762623	0.210783702165226	NA	"prevalence"	37	28
"UniRef90_A0A174VLZ6|g__Prevotella.s__Prevotella_copri"	"sick"	"CC"	"sickCC"	1.09093425594359	0	1.08770413599015	0.315875496441445	0.451613159570901	0.0980144215068302	0.210783702165226	NA	"prevalence"	37	28
"UniRef90_A0A174WHN0"	"sick"	"CC"	"sickCC"	1.09093425594359	0	1.08770413599015	0.315875496441445	0.451613159570901	3.40087883509433e-05	0.00136035153403773	NA	"prevalence"	37	28
"UniRef90_A0A174XX49"	"sick"	"CC"	"sickCC"	1.09093425594359	0	1.08770413599015	0.315875496441445	0.451613159570901	0.067511762459082	0.2057763857272	NA	"prevalence"	37	28
"UniRef90_A0A174XX49|g__Prevotella.s__Prevotella_copri"	"sick"	"CC"	"sickCC"	1.09093425594359	0	1.08770413599015	0.315875496441445	0.451613159570901	0.0675032423220928	0.2057763857272	NA	"prevalence"	37	28
"UniRef90_A0A174Y4P3"	"sick"	"CC"	"sickCC"	1.09093425594359	0	1.08770413599015	0.315875496441445	0.451613159570901	0.0902282157686733	0.210783702165226	NA	"prevalence"	37	28
"UniRef90_A0A174Y4P3|g__Prevotella.s__Prevotella_copri"	"sick"	"CC"	"sickCC"	1.09093425594359	0	1.08770413599015	0.315875496441445	0.451613159570901	0.0906967346248057	0.210783702165226	NA	"prevalence"	37	28
"UniRef90_A0A2R3NGS3"	"sick"	"CC"	"sickCC"	-0.812797086518789	0	0.789604615321953	0.303304779792161	0.451613159570901	0.51461577013955	0.550391198010215	NA	"prevalence"	37	18
"UniRef90_A0A2R3NGS3|g__Escherichia.s__Escherichia_coli"	"sick"	"CC"	"sickCC"	-0.812797086518789	0	0.789604615321953	0.303304779792161	0.451613159570901	0.51461577013955	0.550391198010215	NA	"prevalence"	37	18
"UniRef90_A0A1S8IMK6|g__Escherichia.s__Escherichia_coli"	"sick"	"CC"	"sickCC"	-8.0930164943885	-1.57857971460668	6.35675769853046	0.322367185695285	0.459050872430086	0.094804374371518	0.210783702165226	NA	"abundance"	37	16
"UniRef90_A0A0E1X896|g__Blautia.s__Blautia_obeum"	"sick"	"CC"	"sickCC"	2.84806343132774	0	2.92584063994314	0.330346023049536	0.459387438303264	5.02049129941158e-06	0.000439907475631084	NA	"prevalence"	37	32
"UniRef90_A0A0E9FRS3"	"sick"	"CC"	"sickCC"	2.84806343132773	0	2.92584063994314	0.330346023049538	0.459387438303264	0.168762911405499	0.274411238057722	NA	"prevalence"	37	32
"UniRef90_A5ZYV3"	"sick"	"CC"	"sickCC"	2.84806343132774	0	2.92584063994314	0.330346023049536	0.459387438303264	8.11959846214308e-06	0.000439907475631084	NA	"prevalence"	37	32
"UniRef90_A5ZYV3|g__Blautia.s__Blautia_obeum"	"sick"	"CC"	"sickCC"	2.84806343132774	0	2.92584063994314	0.330346023049536	0.459387438303264	8.79814951262168e-06	0.000439907475631084	NA	"prevalence"	37	32
"UniRef90_F2NAL9"	"sick"	"CC"	"sickCC"	2.84806343132774	0	2.92584063994314	0.330346023049535	0.459387438303264	0.286832505144049	0.339446751649763	NA	"prevalence"	37	32
"UniRef90_F2NAL9|g__Collinsella.s__Collinsella_aerofaciens"	"sick"	"CC"	"sickCC"	2.84806343132774	0	2.92584063994314	0.330346023049535	0.459387438303264	0.271068871314896	0.330571794286458	NA	"prevalence"	37	32
"UniRef90_A0A0E1LDK4"	"sick"	"CC"	"sickCC"	-2.62847795177012	-1.57857971460668	1.086570331291	0.350103194047071	0.482467075012272	0.0792239085049718	0.2057763857272	NA	"abundance"	37	34
"UniRef90_A0A0E1LDK4|g__Escherichia.s__Escherichia_coli"	"sick"	"CC"	"sickCC"	-2.62847795177012	-1.57857971460668	1.086570331291	0.349661670452148	0.482467075012272	0.0792239085049718	0.2057763857272	NA	"abundance"	37	34
"UniRef90_V0SIR0"	"sick"	"CC"	"sickCC"	-2.8601015711306	-1.57857971460668	1.33988155330509	0.35149817620456	0.482467075012272	0.00683280760750888	0.0455520507167259	NA	"abundance"	37	31
"UniRef90_V0SIR0|g__Escherichia.s__Escherichia_coli"	"sick"	"CC"	"sickCC"	-2.8601015711306	-1.57857971460668	1.33988155330509	0.352363594110086	0.482467075012272	0.00683280760750888	0.0455520507167259	NA	"abundance"	37	31
"UniRef90_A0A1V2STI7|g__Escherichia.s__Escherichia_coli"	"sick"	"CC"	"sickCC"	2.39969815717073	-1.57857971460668	4.29726399143322	0.375671534509159	0.51045445147046	0.274937813266402	0.3312503774294	NA	"abundance"	37	12
"UniRef90_A0A0E1X896"	"sick"	"CC"	"sickCC"	2.6004699287049	0	2.93278950028982	0.375246777324563	0.51045445147046	7.12117772552037e-06	0.000439907475631084	NA	"prevalence"	37	33
"UniRef90_A0A1V2STI7"	"sick"	"CC"	"sickCC"	2.15433293908201	-1.57857971460668	4.28339023058405	0.402812316412343	0.521458853246524	0.274937813266402	0.3312503774294	NA	"abundance"	37	12
"UniRef90_A0A174IWH6"	"sick"	"CC"	"sickCC"	0.915928153890215	0	1.09406632674147	0.402492575869228	0.521458853246524	9.64754307258298e-05	0.00292358109169562	NA	"prevalence"	37	29
"UniRef90_A0A174IWH6|g__Prevotella.s__Prevotella_copri"	"sick"	"CC"	"sickCC"	0.915928153890215	0	1.09406632674147	0.402492575869228	0.521458853246524	0.000102325338209347	0.00292358109169562	NA	"prevalence"	37	29
"UniRef90_A0A174IYG9"	"sick"	"CC"	"sickCC"	0.915928153890215	0	1.09406632674147	0.402492575869228	0.521458853246524	0.000426328601001011	0.00568438134668015	NA	"prevalence"	37	29
"UniRef90_A0A174IYG9|g__Prevotella.s__Prevotella_copri"	"sick"	"CC"	"sickCC"	0.915928153890215	0	1.09406632674147	0.402492575869228	0.521458853246524	0.000406758719590236	0.00568438134668015	NA	"prevalence"	37	29
"UniRef90_A0A174PA28"	"sick"	"CC"	"sickCC"	0.915928153890215	0	1.09406632674147	0.402492575869228	0.521458853246524	0.00195325540602787	0.0177568673275261	NA	"prevalence"	37	29
"UniRef90_A0A174PA28|g__Prevotella.s__Prevotella_copri"	"sick"	"CC"	"sickCC"	0.915928153890215	0	1.09406632674147	0.402492575869228	0.521458853246524	0.00191594807130029	0.0177568673275261	NA	"prevalence"	37	29
"UniRef90_A0A174VAI6"	"sick"	"CC"	"sickCC"	0.915928153890215	0	1.09406632674147	0.402492575869228	0.521458853246524	0.000369175275595843	0.00567961962455144	NA	"prevalence"	37	29
"UniRef90_A0A174VAI6|g__Prevotella.s__Prevotella_copri"	"sick"	"CC"	"sickCC"	0.915928153890215	0	1.09406632674147	0.402492575869228	0.521458853246524	0.00034963596853661	0.00567961962455144	NA	"prevalence"	37	29
"UniRef90_A0A174Y3E0"	"sick"	"CC"	"sickCC"	0.915928153890215	0	1.09406632674147	0.402492575869228	0.521458853246524	0.000357416204731865	0.00567961962455144	NA	"prevalence"	37	29
"UniRef90_A0A174Y3E0|g__Prevotella.s__Prevotella_copri"	"sick"	"CC"	"sickCC"	0.915928153890215	0	1.09406632674147	0.402492575869228	0.521458853246524	0.000356136335498103	0.00567961962455144	NA	"prevalence"	37	29
"UniRef90_G2SRQ4"	"sick"	"CC"	"sickCC"	0.671595642052877	0	0.77865263318831	0.388406961281811	0.521458853246524	0.625953954991452	0.658898899991002	NA	"prevalence"	37	12
"UniRef90_G2SRQ4|g__Lactobacillus.s__Lactobacillus_ruminis"	"sick"	"CC"	"sickCC"	0.671595642052877	0	0.77865263318831	0.388406961281811	0.521458853246524	0.625953954991452	0.658898899991002	NA	"prevalence"	37	12
"UniRef90_D1PG33"	"sick"	"CC"	"sickCC"	-0.533463676915938	-1.57857971460668	1.26199403712458	0.417638056063735	0.536747826565666	0.660854566254774	0.686380853010627	NA	"abundance"	37	25
"UniRef90_D1PG33|g__Prevotella.s__Prevotella_copri"	"sick"	"CC"	"sickCC"	-0.533463676915938	-1.57857971460668	1.26199403712458	0.417318872683949	0.536747826565666	0.660482703869695	0.686380853010627	NA	"abundance"	37	25
"UniRef90_A0A366U7P8"	"sick"	"CC"	"sickCC"	-3.13099380001305	-1.57857971460668	1.72701162526907	0.421890518517736	0.538326253019047	0.665789427420308	0.686380853010627	NA	"abundance"	37	6
"UniRef90_A0A366U7P8|g__Enterococcus.s__Enterococcus_gallinarum"	"sick"	"CC"	"sickCC"	-3.13099380001305	-1.57857971460668	1.72701162526907	0.421644581628822	0.538326253019047	0.665505010040699	0.686380853010627	NA	"abundance"	37	6
"UniRef90_A0A0E9ESU1"	"sick"	"CC"	"sickCC"	1.22184223760019	-1.57857971460668	3.47984487426052	0.431659276356601	0.548446745279459	0.0699613687423628	0.2057763857272	NA	"abundance"	37	17
"UniRef90_U9YPG6"	"sick"	"CC"	"sickCC"	-2.50613278217328	-1.57857971460668	1.15111572537878	0.4344437701371	0.548446745279459	0.0399700828490212	0.150830501317061	NA	"abundance"	37	33
"UniRef90_U9YPG6|g__Escherichia.s__Escherichia_coli"	"sick"	"CC"	"sickCC"	-2.50613278217328	-1.57857971460668	1.15111572537878	0.433702800413147	0.548446745279459	0.0399700828490212	0.150830501317061	NA	"abundance"	37	33
"UniRef90_A0A174HS30"	"sick"	"CC"	"sickCC"	-0.466304827966611	-1.57857971460668	1.49433104543254	0.464194145170753	0.579369230571505	0.7129120859307	0.728831117830003	NA	"abundance"	37	24
"UniRef90_A0A174HS30|g__Prevotella.s__Prevotella_copri"	"sick"	"CC"	"sickCC"	-0.466304827966611	-1.57857971460668	1.49433104543254	0.465448314447894	0.579369230571505	0.714254495473403	0.728831117830003	NA	"abundance"	37	24
"UniRef90_D1PG33"	"sick"	"CC"	"sickCC"	0.639504497609895	0	0.873224142898774	0.463955809465545	0.579369230571505	0.660854566254774	0.686380853010627	NA	"prevalence"	37	25
"UniRef90_D1PG33|g__Prevotella.s__Prevotella_copri"	"sick"	"CC"	"sickCC"	0.639504497609895	0	0.873224142898774	0.463955809465545	0.579369230571505	0.660482703869695	0.686380853010627	NA	"prevalence"	37	25
"UniRef90_U9YLK3"	"sick"	"CC"	"sickCC"	-2.45920459358546	-1.57857971460668	1.20032327997353	0.474419071211383	0.586434685247404	0.022657639080467	0.113288195402335	NA	"abundance"	37	32
"UniRef90_U9YLK3|g__Escherichia.s__Escherichia_coli"	"sick"	"CC"	"sickCC"	-2.45920459358546	-1.57857971460668	1.20032327997353	0.474407749717159	0.586434685247404	0.022657639080467	0.113288195402335	NA	"abundance"	37	32
"UniRef90_A0T3C6"	"sick"	"CC"	"sickCC"	-3.24294083032629	-1.57857971460668	2.42093889846527	0.497720025054529	0.612241347699525	0.0392197167717357	0.150830501317061	NA	"abundance"	37	25
"UniRef90_T4C1L2|g__Bacteroides.s__Bacteroides_fragilis"	"sick"	"CC"	"sickCC"	-0.534151743403509	0	0.789604615321953	0.498735929305792	0.612241347699525	0.748734331431073	0.760136377087383	NA	"prevalence"	37	16
"UniRef90_F7LS08"	"sick"	"CC"	"sickCC"	-0.504184727612134	-1.57857971460668	1.57752543401325	0.503158596623085	0.613439932869241	0.286775772562529	0.339446751649763	NA	"abundance"	37	24
"UniRef90_F7LS08|g__Bacteroides.s__Bacteroides_fragilis"	"sick"	"CC"	"sickCC"	-0.504184727612134	-1.57857971460668	1.57752543401325	0.502843942636869	0.613439932869241	0.286775772562529	0.339446751649763	NA	"abundance"	37	24
"UniRef90_J7SHX6|g__Streptococcus.s__Streptococcus_salivarius"	"sick"	"CC"	"sickCC"	-2.0988583130495	-1.57857971460668	0.741834374782003	0.508323071463144	0.617621206282864	0.347225799724639	0.387961787401831	NA	"abundance"	37	26
"UniRef90_J7SHX6"	"sick"	"CC"	"sickCC"	-2.0988583130495	-1.57857971460668	0.741834374782003	0.510497176309939	0.618153043422919	0.347225799724639	0.387961787401831	NA	"abundance"	37	26
"UniRef90_A0A2R3NGS3"	"sick"	"CC"	"sickCC"	-3.3347554446205	-1.57857971460668	2.70337914303709	0.524675034289383	0.633167160023798	0.51461577013955	0.550391198010215	NA	"abundance"	37	18
"UniRef90_A0A2R3NGS3|g__Escherichia.s__Escherichia_coli"	"sick"	"CC"	"sickCC"	-3.30613638458535	-1.57857971460668	2.67218754335746	0.526867912503442	0.633665462335221	0.51461577013955	0.550391198010215	NA	"abundance"	37	18
"UniRef90_V8M0W9"	"sick"	"CC"	"sickCC"	-1.0567166706243	-1.57857971460668	0.826070999352032	0.541218671124459	0.647958430396949	0.347225799724639	0.387961787401831	NA	"abundance"	37	26
"UniRef90_V8M0W9|g__Streptococcus.s__Streptococcus_salivarius"	"sick"	"CC"	"sickCC"	-1.0567166706243	-1.57857971460668	0.826070999352032	0.542392169264861	0.647958430396949	0.347225799724639	0.387961787401831	NA	"abundance"	37	26
"UniRef90_A7V4G2"	"sick"	"CC"	"sickCC"	-2.4386227872643	-1.57857971460668	1.44576010056152	0.561127957979309	0.664223615792075	0.222199546865387	0.310768597014527	NA	"abundance"	37	21
"UniRef90_A7V4G2|g__Bacteroides.s__Bacteroides_uniformis"	"sick"	"CC"	"sickCC"	-2.4386227872643	-1.57857971460668	1.44576010056152	0.560533621701896	0.664223615792075	0.222199546865387	0.310768597014527	NA	"abundance"	37	21
"UniRef90_Q1WUH8"	"sick"	"CC"	"sickCC"	-2.43779786510532	-1.57857971460668	1.42893717230326	0.561604798745546	0.664223615792075	0.154965176726392	0.272031007979109	NA	"abundance"	37	15
"UniRef90_A0T3C6|g__Escherichia.s__Escherichia_coli"	"sick"	"CC"	"sickCC"	-2.91164543506302	-1.57857971460668	2.30751116184697	0.56899337054582	0.670733907001032	0.0654345708211584	0.2057763857272	NA	"abundance"	37	24
"UniRef90_A0A0J2B3T8"	"sick"	"CC"	"sickCC"	-2.18821537411219	-1.57857971460668	1.11653127236358	0.594066671412631	0.69797932350791	0.0746022726366783	0.2057763857272	NA	"abundance"	37	33
"UniRef90_E7FSA1"	"sick"	"CC"	"sickCC"	-2.42984759426536	-1.57857971460668	1.65534541301104	0.620745003322924	0.724541708796593	0.126811484811642	0.243868240022389	NA	"abundance"	37	11
"UniRef90_E7FSA1|g__Lactobacillus.s__Lactobacillus_ruminis"	"sick"	"CC"	"sickCC"	-2.42984759426536	-1.57857971460668	1.65534541301104	0.619820411186748	0.724541708796593	0.126811484811642	0.243868240022389	NA	"abundance"	37	11
"UniRef90_A0A366U7P8"	"sick"	"CC"	"sickCC"	-0.510329644264096	0	1.11506868764155	0.647192020103193	0.745632230280701	0.665789427420308	0.686380853010627	NA	"prevalence"	37	6
"UniRef90_A0A366U7P8|g__Enterococcus.s__Enterococcus_gallinarum"	"sick"	"CC"	"sickCC"	-0.510329644264096	0	1.11506868764155	0.647192020103193	0.745632230280701	0.665505010040699	0.686380853010627	NA	"prevalence"	37	6
"UniRef90_A0A395VRV3"	"sick"	"CC"	"sickCC"	-0.354225817107395	0	0.767228471898633	0.644299806858957	0.745632230280701	0.873477372599425	0.882300376363056	NA	"prevalence"	37	23
"UniRef90_U2Z4S8"	"sick"	"CC"	"sickCC"	0.510329644264098	0	1.11506868764155	0.647192020103192	0.745632230280701	0.476365600525989	0.514989838406474	NA	"prevalence"	37	31
"UniRef90_R6Q8L0"	"sick"	"CC"	"sickCC"	1.32864224201077	0	3.01560186438135	0.659510271865509	0.754937803164376	0.000263041509185388	0.00567961962455144	NA	"prevalence"	37	36
"UniRef90_R6Q8L0|g__Faecalibacterium.s__Faecalibacterium_prausnitzii"	"sick"	"CC"	"sickCC"	1.32864224201077	0	3.01560186438135	0.659510271865509	0.754937803164376	0.000203836687017328	0.0050959171754332	NA	"prevalence"	37	36
"UniRef90_A7LS50"	"sick"	"CC"	"sickCC"	-2.24630188646691	-1.57857971460668	1.71096897875119	0.699916046189708	0.79607064678446	0.0392197167717348	0.150830501317061	NA	"abundance"	37	25
"UniRef90_A7LS50|g__Bacteroides.s__Bacteroides_ovatus"	"sick"	"CC"	"sickCC"	-2.24630188646691	-1.57857971460668	1.71096897875119	0.699562742462638	0.79607064678446	0.0392197167717348	0.150830501317061	NA	"abundance"	37	25
"UniRef90_A0A174UKK8"	"sick"	"CC"	"sickCC"	0.322134672664418	0	0.883278437878159	0.715332800714933	0.803339044336013	0.187133381960342	0.284879505440402	NA	"prevalence"	37	27
"UniRef90_A0A174UKK8|g__Prevotella.s__Prevotella_copri"	"sick"	"CC"	"sickCC"	0.322134672664418	0	0.883278437878159	0.715332800714933	0.803339044336013	0.185621627185662	0.284879505440402	NA	"prevalence"	37	27
"UniRef90_A7AJP8"	"sick"	"CC"	"sickCC"	-0.322134672664421	0	0.883278437878158	0.71533280071493	0.803339044336013	0.0155924755997882	0.0872525653996777	NA	"prevalence"	37	10
"UniRef90_A7AJP8|g__Parabacteroides.s__Parabacteroides_merdae"	"sick"	"CC"	"sickCC"	-0.322134672664421	0	0.883278437878158	0.71533280071493	0.803339044336013	0.015705461771942	0.0872525653996777	NA	"prevalence"	37	10
"UniRef90_I0PYL5|g__Bacteroides.s__Bacteroides_ovatus"	"sick"	"CC"	"sickCC"	-2.28946903795298	-1.57857971460668	1.98683022232832	0.72472795257526	0.811330663889284	0.0538684254906832	0.192387233895297	NA	"abundance"	37	21
"UniRef90_A7LQG9"	"sick"	"CC"	"sickCC"	-2.24326654200983	-1.57857971460668	1.89620414847572	0.728597876635716	0.811342060244502	0.0212595177178561	0.111892198515032	NA	"abundance"	37	23
"UniRef90_A7LQG9|g__Bacteroides.s__Bacteroides_ovatus"	"sick"	"CC"	"sickCC"	-2.24326654200983	-1.57857971460668	1.89620414847572	0.729296233927642	0.811342060244502	0.0212595177178561	0.111892198515032	NA	"abundance"	37	23
"UniRef90_Q1WUH8|g__Lactobacillus.s__Lactobacillus_ruminis"	"sick"	"CC"	"sickCC"	-2.13697010433897	-1.57857971460668	1.65330257411868	0.74147968680338	0.822326381626178	0.103260112592103	0.215125234566882	NA	"abundance"	37	14
"UniRef90_G2SNS8"	"sick"	"CC"	"sickCC"	-2.09668363949517	-1.57857971460668	1.58493052169106	0.749982928108517	0.82746424758203	0.196827512838957	0.284879505440402	NA	"abundance"	37	12
"UniRef90_G2SNS8|g__Lactobacillus.s__Lactobacillus_ruminis"	"sick"	"CC"	"sickCC"	-2.09668363949517	-1.57857971460668	1.58493052169106	0.750761101036505	0.82746424758203	0.196827512838957	0.284879505440402	NA	"abundance"	37	12
"UniRef90_A0A395VRV3"	"sick"	"CC"	"sickCC"	-2.13260685006755	-1.57857971460668	1.80143143279785	0.761316069374762	0.836507779930294	0.873477372599425	0.882300376363056	NA	"abundance"	37	23
"UniRef90_A0A069RZ42"	"sick"	"CC"	"sickCC"	-1.86776230801585	-1.57857971460668	1.01645221096511	0.780804594857717	0.842525056623203	0.405830041995828	0.441119610865031	NA	"abundance"	37	30
"UniRef90_A0A069RZ42|g__Parabacteroides.s__Parabacteroides_distasonis"	"sick"	"CC"	"sickCC"	-1.86776230801585	-1.57857971460668	1.01645221096511	0.7809923277687	0.842525056623203	0.405830041995828	0.441119610865031	NA	"abundance"	37	30
"UniRef90_A0A3E4MCK9"	"sick"	"CC"	"sickCC"	-2.1357882782522	-1.57857971460668	1.87901786365348	0.772546084248028	0.842525056623203	0.196827512838957	0.284879505440402	NA	"abundance"	37	12
"UniRef90_A0A3E4MCK9|g__Lactobacillus.s__Lactobacillus_ruminis"	"sick"	"CC"	"sickCC"	-2.1357882782522	-1.57857971460668	1.87901786365348	0.772364590062966	0.842525056623203	0.196827512838957	0.284879505440402	NA	"abundance"	37	12
"UniRef90_E7FTM0"	"sick"	"CC"	"sickCC"	-3.26309418817344	-1.57857971460668	5.31661008025316	0.780579719973932	0.842525056623203	0.951854740713282	0.951964709253769	NA	"abundance"	37	4
"UniRef90_E7FTM0|g__Lactobacillus.s__Lactobacillus_ruminis"	"sick"	"CC"	"sickCC"	-3.26309418817344	-1.57857971460668	5.31661008025316	0.780830452055421	0.842525056623203	0.951964709253769	0.951964709253769	NA	"abundance"	37	4
"UniRef90_A7LQH0"	"sick"	"CC"	"sickCC"	-1.16491355095065	-1.57857971460668	1.60522879128689	0.798755536969313	0.856560054787939	0.0392197167717348	0.150830501317061	NA	"abundance"	37	25
"UniRef90_A7LQH0|g__Bacteroides.s__Bacteroides_ovatus"	"sick"	"CC"	"sickCC"	-1.16491355095065	-1.57857971460668	1.60522879128689	0.798814433116842	0.856560054787939	0.0392197167717348	0.150830501317061	NA	"abundance"	37	25
"UniRef90_A0A0E9FRS3|g__Tyzzerella.s__Tyzzerella_nexilis"	"sick"	"CC"	"sickCC"	-0.345052475553136	-1.57857971460668	4.76572700234976	0.802491157387726	0.857918474564656	0.53197366363076	0.565929429394425	NA	"abundance"	37	9
"UniRef90_A0A0H2VC20"	"sick"	"CC"	"sickCC"	-1.267909280912	-1.57857971460668	1.44145161424365	0.830953014180853	0.883042606114578	0.00301641542128472	0.023203195548344	NA	"abundance"	37	29
"UniRef90_A0A0H2VC20|g__Escherichia.s__Escherichia_coli"	"sick"	"CC"	"sickCC"	-1.267909280912	-1.57857971460668	1.44145161424365	0.83078522035938	0.883042606114578	0.00301641542128472	0.023203195548344	NA	"abundance"	37	29
"UniRef90_G2SRQ4"	"sick"	"CC"	"sickCC"	-1.97210630764751	-1.57857971460668	1.93190417976695	0.842323230025959	0.889983050723841	0.625953954991452	0.658898899991002	NA	"abundance"	37	12
"UniRef90_G2SRQ4|g__Lactobacillus.s__Lactobacillus_ruminis"	"sick"	"CC"	"sickCC"	-1.97210630764751	-1.57857971460668	1.93190417976695	0.84248395532004	0.889983050723841	0.625953954991452	0.658898899991002	NA	"abundance"	37	12
"UniRef90_A6XA87"	"sick"	"CC"	"sickCC"	-1.3093749980841	-1.57857971460668	1.4141027884624	0.850567229766306	0.895863709458003	0.241849824917609	0.316143561983803	NA	"abundance"	37	34
"UniRef90_A0A1B2H845"	"sick"	"CC"	"sickCC"	-2.13060743781524	-1.57857971460668	4.1364725555219	0.894794742820805	0.924518141443067	0.0107792119251261	0.067370074532038	NA	"abundance"	37	22
"UniRef90_E1IJ03"	"sick"	"CC"	"sickCC"	-1.30550381276661	-1.57857971460668	2.12412540060121	0.898548530728374	0.924518141443067	0.394645959181931	0.436072883073957	NA	"abundance"	37	23
"UniRef90_E1IJ03|g__Escherichia.s__Escherichia_coli"	"sick"	"CC"	"sickCC"	-1.30550381276661	-1.57857971460668	2.12412540060121	0.898337371943264	0.924518141443067	0.394645959181931	0.436072883073957	NA	"abundance"	37	23
"UniRef90_T4C1L2|g__Bacteroides.s__Bacteroides_fragilis"	"sick"	"CC"	"sickCC"	-1.91554689960567	-1.57857971460668	2.25107807113811	0.88280970353294	0.924518141443067	0.748734331431073	0.760136377087383	NA	"abundance"	37	16
"UniRef90_W1ESP1"	"sick"	"CC"	"sickCC"	-2.00776331746635	-1.57857971460668	3.13423354564399	0.892451780468422	0.924518141443067	0.164397148882526	0.272031007979109	NA	"abundance"	37	18
"UniRef90_W1ESP1|g__Escherichia.s__Escherichia_coli"	"sick"	"CC"	"sickCC"	-2.00776331746635	-1.57857971460668	3.13423354564399	0.892494245167153	0.924518141443067	0.164397148882526	0.272031007979109	NA	"abundance"	37	18
"UniRef90_A0A174HS30"	"sick"	"CC"	"sickCC"	0.102024169378739	0	0.796534700705757	0.898081684438685	0.924518141443067	0.7129120859307	0.728831117830003	NA	"prevalence"	37	24
"UniRef90_A0A174HS30|g__Prevotella.s__Prevotella_copri"	"sick"	"CC"	"sickCC"	0.102024169378739	0	0.796534700705757	0.898081684438685	0.924518141443067	0.714254495473403	0.728831117830003	NA	"prevalence"	37	24
"UniRef90_T4C1L2"	"sick"	"CC"	"sickCC"	-1.75589924189382	-1.57857971460668	2.19543385097681	0.936418582049009	0.960706095704459	0.404002352929385	0.441119610865031	NA	"abundance"	37	19
"UniRef90_A0A174KXX9"	"sick"	"CC"	"sickCC"	-1.49485365005274	-1.57857971460668	1.33653411180193	0.950873965810026	0.970051950269226	0.305538391517067	0.35527719943845	NA	"abundance"	37	17
"UniRef90_A0A174KXX9|g__Collinsella.s__Collinsella_aerofaciens"	"sick"	"CC"	"sickCC"	-1.49485365005274	-1.57857971460668	1.33653411180193	0.950977895067303	0.970051950269226	0.305538391517067	0.35527719943845	NA	"abundance"	37	17
"UniRef90_A6XA87|g__Bacteroides.s__Bacteroides_uniformis"	"sick"	"CC"	"sickCC"	-1.65977269814943	-1.57857971460668	1.88378612333433	0.965950817049637	0.980277199719766	0.222199546865387	0.310768597014527	NA	"abundance"	37	21
"UniRef90_UPI000CDE3CF2"	"sick"	"CC"	"sickCC"	-1.67973656480343	-1.57857971460668	2.77065051089354	0.971220428879488	0.980277199719766	0.164397148882526	0.272031007979109	NA	"abundance"	37	18
"UniRef90_UPI000CDE3CF2|g__Escherichia.s__Escherichia_coli"	"sick"	"CC"	"sickCC"	-1.67973656480343	-1.57857971460668	2.77065051089354	0.971217161167113	0.980277199719766	0.164397148882526	0.272031007979109	NA	"abundance"	37	18
"UniRef90_E7FTM0"	"sick"	"CC"	"sickCC"	0.0367474147574564	0	1.16192374989882	0.974770024440441	0.980277199719766	0.951854740713282	0.951964709253769	NA	"prevalence"	37	4
"UniRef90_E7FTM0|g__Lactobacillus.s__Lactobacillus_ruminis"	"sick"	"CC"	"sickCC"	0.0367474147574564	0	1.16192374989882	0.974770024440441	0.980277199719766	0.951964709253769	0.951964709253769	NA	"prevalence"	37	4
"UniRef90_A0A1B2H845|g__Escherichia.s__Escherichia_coli"	"sick"	"CC"	"sickCC"	-1.53260000395399	-1.57857971460668	3.92607986922986	0.990731749774747	0.993522543436084	0.0107792119251261	0.067370074532038	NA	"abundance"	37	22
"UniRef90_U2Z4S8|g__Streptococcus.s__Streptococcus_salivarius"	"sick"	"CC"	"sickCC"	-1.57857971460668	-1.57857971460668	0.628317375921319	1	1	0.347225799724639	0.387961787401831	NA	"abundance"	37	26
"UniRef90_A0A0E9ESU1|g__Klebsiella.s__Klebsiella_pneumoniae"	"sick"	"CC"	"sickCC"	NA	NA	NA	NA	NA	0.23959285526198	0.315253756923659	"contrasts can be applied only to factors with 2 or more levels"	"abundance"	37	8
"UniRef90_A0A0M1X7H2"	"sick"	"CC"	"sickCC"	NA	NA	NA	NA	NA	0.23959285526198	0.315253756923659	"contrasts can be applied only to factors with 2 or more levels"	"abundance"	37	8
"UniRef90_A0A0M1X7H2|g__Enterococcus.s__Enterococcus_faecium"	"sick"	"CC"	"sickCC"	NA	NA	NA	NA	NA	0.23959285526198	0.315253756923659	"contrasts can be applied only to factors with 2 or more levels"	"abundance"	37	8
"UniRef90_A0A133MZE1"	"sick"	"CC"	"sickCC"	NA	NA	NA	NA	NA	0.125388712715038	0.243868240022389	"contrasts can be applied only to factors with 2 or more levels"	"abundance"	37	15
"UniRef90_A0A133MZE1|g__Clostridioides.s__Clostridioides_difficile"	"sick"	"CC"	"sickCC"	NA	NA	NA	NA	NA	0.264820719117341	0.324933397689989	"contrasts can be applied only to factors with 2 or more levels"	"abundance"	37	7
"UniRef90_A0A1A7TA94"	"sick"	"CC"	"sickCC"	NA	NA	NA	NA	NA	0.264820719117341	0.324933397689989	"contrasts can be applied only to factors with 2 or more levels"	"abundance"	37	7
"UniRef90_A0A1A7TA94|g__Enterococcus.s__Enterococcus_faecium"	"sick"	"CC"	"sickCC"	NA	NA	NA	NA	NA	0.264820719117341	0.324933397689989	"contrasts can be applied only to factors with 2 or more levels"	"abundance"	37	7
"UniRef90_A0A1A7TBG8"	"sick"	"CC"	"sickCC"	NA	NA	NA	NA	NA	0.264820719117341	0.324933397689989	"contrasts can be applied only to factors with 2 or more levels"	"abundance"	37	7
"UniRef90_A0A1A7TBG8|g__Enterococcus.s__Enterococcus_faecium"	"sick"	"CC"	"sickCC"	NA	NA	NA	NA	NA	0.264820719117341	0.324933397689989	"contrasts can be applied only to factors with 2 or more levels"	"abundance"	37	7
"UniRef90_A0A1A7TBY5"	"sick"	"CC"	"sickCC"	NA	NA	NA	NA	NA	0.23959285526198	0.315253756923659	"contrasts can be applied only to factors with 2 or more levels"	"abundance"	37	8
"UniRef90_A0A1A7TBY5|g__Enterococcus.s__Enterococcus_faecium"	"sick"	"CC"	"sickCC"	NA	NA	NA	NA	NA	0.294495432930443	0.346465215212286	"contrasts can be applied only to factors with 2 or more levels"	"abundance"	37	6
"UniRef90_A0A1A7TBY5|g__Escherichia.s__Escherichia_coli"	"sick"	"CC"	"sickCC"	NA	NA	NA	NA	NA	0.23959285526198	0.315253756923659	"contrasts can be applied only to factors with 2 or more levels"	"abundance"	37	8
"UniRef90_A0A1B2H845|g__Klebsiella.s__Klebsiella_pneumoniae"	"sick"	"CC"	"sickCC"	NA	NA	NA	NA	NA	0.165082806487399	0.272031007979109	"contrasts can be applied only to factors with 2 or more levels"	"abundance"	37	12
"UniRef90_A0A1S8IMK6|g__Enterococcus.s__Enterococcus_faecium"	"sick"	"CC"	"sickCC"	NA	NA	NA	NA	NA	0.150795964277709	0.272031007979109	"contrasts can be applied only to factors with 2 or more levels"	"abundance"	37	13
"UniRef90_A0A1S8JJQ1"	"sick"	"CC"	"sickCC"	NA	NA	NA	NA	NA	0.197991256281077	0.284879505440402	"contrasts can be applied only to factors with 2 or more levels"	"abundance"	37	10
"UniRef90_A0A1S8JJQ1|g__Enterococcus.s__Enterococcus_faecium"	"sick"	"CC"	"sickCC"	NA	NA	NA	NA	NA	0.197991256281077	0.284879505440402	"contrasts can be applied only to factors with 2 or more levels"	"abundance"	37	10
"UniRef90_A0A1X4JA18"	"sick"	"CC"	"sickCC"	NA	NA	NA	NA	NA	0.125388712715036	0.243868240022389	"contrasts can be applied only to factors with 2 or more levels"	"abundance"	37	15
"UniRef90_A0A1X4JA18|g__Enterococcus.s__Enterococcus_faecium"	"sick"	"CC"	"sickCC"	NA	NA	NA	NA	NA	0.125388712715036	0.243868240022389	"contrasts can be applied only to factors with 2 or more levels"	"abundance"	37	15
"UniRef90_A0A286V1L3"	"sick"	"CC"	"sickCC"	NA	NA	NA	NA	NA	0.23959285526198	0.315253756923659	"contrasts can be applied only to factors with 2 or more levels"	"abundance"	37	8
"UniRef90_A0A286V1L3|g__Escherichia.s__Escherichia_coli"	"sick"	"CC"	"sickCC"	NA	NA	NA	NA	NA	0.23959285526198	0.315253756923659	"contrasts can be applied only to factors with 2 or more levels"	"abundance"	37	8
"UniRef90_A0A2W4HXJ9"	"sick"	"CC"	"sickCC"	NA	NA	NA	NA	NA	0.26482071911734	0.324933397689989	"contrasts can be applied only to factors with 2 or more levels"	"abundance"	37	7
"UniRef90_A0A2W4HXJ9|g__Enterococcus.s__Enterococcus_faecium"	"sick"	"CC"	"sickCC"	NA	NA	NA	NA	NA	0.26482071911734	0.324933397689989	"contrasts can be applied only to factors with 2 or more levels"	"abundance"	37	7
"UniRef90_A0T3C6|g__Klebsiella.s__Klebsiella_pneumoniae"	"sick"	"CC"	"sickCC"	NA	NA	NA	NA	NA	0.165082806487398	0.272031007979109	"contrasts can be applied only to factors with 2 or more levels"	"abundance"	37	12
"UniRef90_A0T3C6|g__Klebsiella.s__Klebsiella_quasipneumoniae"	"sick"	"CC"	"sickCC"	NA	NA	NA	NA	NA	0.23959285526198	0.315253756923659	"contrasts can be applied only to factors with 2 or more levels"	"abundance"	37	8
"UniRef90_C9BZL5"	"sick"	"CC"	"sickCC"	NA	NA	NA	NA	NA	0.180715456913088	0.284879505440402	"contrasts can be applied only to factors with 2 or more levels"	"abundance"	37	11
"UniRef90_I3U631"	"sick"	"CC"	"sickCC"	NA	NA	NA	NA	NA	0.125388712715036	0.243868240022389	"contrasts can be applied only to factors with 2 or more levels"	"abundance"	37	15
"UniRef90_I3U631|g__Enterococcus.s__Enterococcus_faecium"	"sick"	"CC"	"sickCC"	NA	NA	NA	NA	NA	0.125388712715036	0.243868240022389	"contrasts can be applied only to factors with 2 or more levels"	"abundance"	37	15
"UniRef90_J6QDP1"	"sick"	"CC"	"sickCC"	NA	NA	NA	NA	NA	0.137625106067292	0.257243188910828	"contrasts can be applied only to factors with 2 or more levels"	"abundance"	37	14
"UniRef90_J6QDP1|g__Enterococcus.s__Enterococcus_faecium"	"sick"	"CC"	"sickCC"	NA	NA	NA	NA	NA	0.137625106067292	0.257243188910828	"contrasts can be applied only to factors with 2 or more levels"	"abundance"	37	14
"UniRef90_J6XYB2"	"sick"	"CC"	"sickCC"	NA	NA	NA	NA	NA	0.264820719117341	0.324933397689989	"contrasts can be applied only to factors with 2 or more levels"	"abundance"	37	7
"UniRef90_J6XYB2|g__Enterococcus.s__Enterococcus_faecium"	"sick"	"CC"	"sickCC"	NA	NA	NA	NA	NA	0.264820719117341	0.324933397689989	"contrasts can be applied only to factors with 2 or more levels"	"abundance"	37	7
"UniRef90_P59628|g__Clostridioides.s__Clostridioides_difficile"	"sick"	"CC"	"sickCC"	NA	NA	NA	NA	NA	0.264820719117341	0.324933397689989	"contrasts can be applied only to factors with 2 or more levels"	"abundance"	37	7
"UniRef90_Q9LBQ5"	"sick"	"CC"	"sickCC"	NA	NA	NA	NA	NA	0.197991256281079	0.284879505440402	"contrasts can be applied only to factors with 2 or more levels"	"abundance"	37	10
"UniRef90_S4EDF6|g__Enterococcus.s__Enterococcus_faecium"	"sick"	"CC"	"sickCC"	NA	NA	NA	NA	NA	0.137625106067293	0.257243188910828	"contrasts can be applied only to factors with 2 or more levels"	"abundance"	37	14
"UniRef90_UPI0004A57A81"	"sick"	"CC"	"sickCC"	NA	NA	NA	NA	NA	0.180715456913087	0.284879505440402	"contrasts can be applied only to factors with 2 or more levels"	"abundance"	37	11
"UniRef90_UPI0004A57A81|g__Enterococcus.s__Enterococcus_faecium"	"sick"	"CC"	"sickCC"	NA	NA	NA	NA	NA	0.180715456913087	0.284879505440402	"contrasts can be applied only to factors with 2 or more levels"	"abundance"	37	11
"UniRef90_UPI000763F496"	"sick"	"CC"	"sickCC"	NA	NA	NA	NA	NA	0.197991256281079	0.284879505440402	"contrasts can be applied only to factors with 2 or more levels"	"abundance"	37	10
"UniRef90_UPI000763F496|g__Enterococcus.s__Enterococcus_faecium"	"sick"	"CC"	"sickCC"	NA	NA	NA	NA	NA	0.197991256281079	0.284879505440402	"contrasts can be applied only to factors with 2 or more levels"	"abundance"	37	10
"UniRef90_UPI000B358E33"	"sick"	"CC"	"sickCC"	NA	NA	NA	NA	NA	0.197991256281079	0.284879505440402	"contrasts can be applied only to factors with 2 or more levels"	"abundance"	37	10
"UniRef90_UPI000B358E33|g__Enterococcus.s__Enterococcus_faecium"	"sick"	"CC"	"sickCC"	NA	NA	NA	NA	NA	0.197991256281079	0.284879505440402	"contrasts can be applied only to factors with 2 or more levels"	"abundance"	37	10
"UniRef90_UPI000C03D4E6"	"sick"	"CC"	"sickCC"	NA	NA	NA	NA	NA	0.165082806487398	0.272031007979109	"contrasts can be applied only to factors with 2 or more levels"	"abundance"	37	12
"UniRef90_UPI000C03D4E6|g__Enterococcus.s__Enterococcus_faecium"	"sick"	"CC"	"sickCC"	NA	NA	NA	NA	NA	0.165082806487398	0.272031007979109	"contrasts can be applied only to factors with 2 or more levels"	"abundance"	37	12
"UniRef90_V5XUZ1"	"sick"	"CC"	"sickCC"	NA	NA	NA	NA	NA	0.150795964277709	0.272031007979109	"contrasts can be applied only to factors with 2 or more levels"	"abundance"	37	13
"UniRef90_V5XUZ1|g__Enterococcus.s__Enterococcus_faecium"	"sick"	"CC"	"sickCC"	NA	NA	NA	NA	NA	0.150795964277709	0.272031007979109	"contrasts can be applied only to factors with 2 or more levels"	"abundance"	37	13
